# callgrind format
version: 1
creator: callgrind-3.20.0.GIT
pid: 19641
cmd:  ./date_ex
part: 1


desc: I1 cache: 
desc: D1 cache: 
desc: LL cache: 

desc: Timerange: Basic block 0 - 155429
desc: Trigger: Program termination

positions: line
events: Ir Bc Bcm Bi Bim
summary: 726859 137379 9137 1633 575


ob=(5) /lib/x86_64-linux-gnu/libpthread-2.23.so
fl=(71) /build/glibc-S7Ft5T/glibc-2.23/nptl/../sysdeps/unix/sysv/linux/x86_64/sigaction.c
fn=(258) __libc_sigaction
47 2
+4 2
-4 2
+4 2 2
+3 4
-1 2
+1 4
-1 2
+1 56
+1 2
-1 2
+1 2
+7 2
-7 4
+2 4
+5 20 4 3
+3 4 2 2
+8 4
-11 4

fl=(79) ???
fn=(902) 0x0000000000005a30
0 9 1 1

fn=(892) 0x0000000000005ac0
0 8 2
cob=(2) ???
cfi=(16) ???
cfn=(898) 0x0000000005b91a20
calls=1 0 
0 63 10 0 1 1
0 1
cfn=(902)
calls=1 0 
0 9 1 1
0 3

fn=(296) 0x0000000000005b00
0 17 2 1

fl=(118) /build/glibc-S7Ft5T/glibc-2.23/nptl/pthread_mutex_unlock.c
fn=(532) pthread_mutex_unlock
39 2
313 2
39 2
+1 2
-1 2
+1 4 2
+4 4 2 2
+5 2
+3 2
+3 6 4 2
+2 2
315 4
61 4 2 2
+6 8 2

ob=(8) /home/linuxbrew/.linuxbrew/Cellar/openssl@1.1/1.1.1n/lib/libcrypto.so.1.1
fl=(93) ???
fn=(362) OPENSSL_cpuid_setup
0 11 1 1
cob=(3) /lib/x86_64-linux-gnu/libc-2.23.so
cfi=(94) /build/glibc-S7Ft5T/glibc-2.23/stdlib/getenv.c
cfn=(370) getenv
calls=1 34 
0 452 140 9
cob=(1) /lib/x86_64-linux-gnu/ld-2.23.so
cfi=(73) /build/glibc-S7Ft5T/glibc-2.23/elf/../sysdeps/x86_64/dl-trampoline.h
cfn=(268) _dl_runtime_resolve_xsave
calls=1 71 
0 2008 299 14 5 3
0 5 0 0 2 2
0 17 1 1
cfn=(374) OPENSSL_ia32_cpuid
calls=1 0 
0 84 16 7
0 2

fn=(378) 0x00000000000770d0
0 17 2 1

fn=(374)
0 66 13 6

ob=(5)
fl=(118)
fn=(532)
71 6 2 2
+3 4 2 2

fl=(133) /build/glibc-S7Ft5T/glibc-2.23/nptl/cleanup_defer_compat.c
fn=(596) _pthread_cleanup_pop_restore
65 16
+3 24 8
+23 24 8

fn=(594) _pthread_cleanup_push_defer
28 8
+1 8
+1 16
+2 8
+3 24 8
+15 32
+4 16

fl=(80) /build/glibc-S7Ft5T/glibc-2.23/nptl/../sysdeps/unix/sysv/linux/x86/elision-conf.c
fn=(304) elision_init
65 6
+4 1 1
+1 2

fl=(116) /build/glibc-S7Ft5T/glibc-2.23/nptl/../nptl/pthread_mutex_lock.c
fn=(524) pthread_mutex_lock
64 2
+3 6
+2 2
+2 6 2
+4 6 2 2
+81 2
+3 2
+2 2
+3 2
+2 2
+1 4
-83 4 2 1
+11 8 2 1
+4 2
+3 4 2
+13 8 2
+2 6 2
+1 4

fl=(69) /build/glibc-S7Ft5T/glibc-2.23/nptl/nptl-init.c
fn=(254) __pthread_initialize_minimal
301 2
fi=(70) /build/glibc-S7Ft5T/glibc-2.23/nptl/../sysdeps/unix/sysv/linux/pthread-pids.h
29 1
fe=(69)
301 1
+14 1
-14 1
fi=(70)
29 4
fe=(69)
317 2
+1 1
+4 3
+6 1
+4 1
+4 2
-8 1
+2 1
+6 1
+48 3
+3 1
fi=(171) /build/glibc-S7Ft5T/glibc-2.23/nptl/../include/list.h
60 1
fe=(69)
387 1
+1 1
fi=(171)
60 1
+1 1
+1 1
+2 1
fe=(69)
392 2
+4 4
+8 1
-1 1
-7 18 16 10
+6 1
+2 2
-2 1
+2 1
cfi=(71)
cfn=(258)
calls=1 47 
* 62 4 2
+5 1
+2 3
-1 1
-1 1
+2 1
cfi=(71)
cfn=(258)
calls=1 47 
* 62 4 3
fi=(72) /build/glibc-S7Ft5T/glibc-2.23/nptl/../sysdeps/unix/sysv/linux/bits/sigset.h
117 1
fe=(69)
425 1
fi=(72)
117 1
fe=(69)
425 5
+8 3
cob=(1)
cfi=(30) /build/glibc-S7Ft5T/glibc-2.23/elf/dl-tls.c
cfn=(274) _dl_get_tls_static_info
calls=1 -87 
* 5
cob=(1)
cfi=(73)
cfn=(268)
calls=1 71 
* 2077 307 20 6 3
* 5 0 0 2 2
+3 3 1 1
+4 2
+5 2
-5 4
+5 1
cob=(3)
cfi=(75) /build/glibc-S7Ft5T/glibc-2.23/resource/../sysdeps/unix/syscall-template.S
cfn=(280) getrlimit
calls=1 84 
* 5 1
cob=(1)
cfi=(73)
cfn=(268)
calls=1 71 
* 1879 278 17 5 3
* 5 0 0 2 1
* 2 1
+1 3 1
+4 1
+3 3
+4 1
+7 1
-7 1
+6 10
+1 3 1 1
+1 1
+1 1
-1 1
+2 2 2 1
+4 1
cob=(2)
cfi=(16)
cfn=(282) 0x0000000005b91a10
calls=1 0 
* 4 0 0 1 1
* 1
+10 1
-10 1 0 0 1 1
cob=(1)
cfi=(2) /build/glibc-S7Ft5T/glibc-2.23/elf/rtld.c
cfn=(100) _dl_initial_error_catch_tsd
calls=1 664 
* 2
* 2
+1 1
+6 1
+1 1
-7 1
+4 1
+4 1
-4 1
+1 2
+3 1 1 1

ob=(8)
fl=(93)
fn=(374)
0 18 3 1

ob=(5)
fl=(69)
fn=(254)
483 1
+11 3
-11 1
+3 2
+2 2
+6 1
cob=(3)
cfi=(77) /build/glibc-S7Ft5T/glibc-2.23/nptl/libc_pthread_init.c
cfn=(290) __libc_pthread_init
calls=1 44 
* 446 62 12
cob=(1)
cfi=(73)
cfn=(268)
calls=1 71 
* 1899 282 14 5 3
* 5 0 0 2 1
+4 1
-6 1
+7 5
-61 3

ob=(8)
fl=(93)
fn=(884) 0x0000000000077000
0 9 1

fn=(874) 0x0000000000077090
0 8 2
cob=(2)
cfi=(16)
cfn=(880) 0x000000000571ff50
calls=1 0 
0 63 10 0 1 1
0 1
cfn=(884)
calls=1 0 
0 9 1
0 3

ob=(4) /lib/x86_64-linux-gnu/libm-2.23.so
fl=(58) /build/glibc-S7Ft5T/glibc-2.23/math/../sysdeps/x86_64/fpu/multiarch/s_rint.S
fn=(214) rint
25 1
+1 1
+1 1
+1 1 1 1
+2 1

fl=(60) /build/glibc-S7Ft5T/glibc-2.23/math/../sysdeps/x86_64/fpu/multiarch/s_ceil.S
fn=(218) ceil
25 1
+1 1
+1 1
+1 1 1 1
+2 1

fl=(63) /build/glibc-S7Ft5T/glibc-2.23/math/../sysdeps/x86_64/fpu/multiarch/s_rintf.S
fn=(224) rintf
25 1
+1 1
+1 1
+1 1 1 1
+2 1

fl=(67) /build/glibc-S7Ft5T/glibc-2.23/math/../sysdeps/x86_64/fpu/multiarch/e_atan2.c
fn=(234) __atan2_finite
9 8 2

fl=(100) ???
fn=(794) 0x0000000000005600
0 9 1 1

fn=(784) 0x0000000000005690
0 8 2
cob=(2)
cfi=(16)
cfn=(790) 0x0000000004a2d5f8
calls=1 0 
0 63 10 2 1 1
0 1
cfn=(794)
calls=1 0 
0 9 1 1
0 3

fn=(438) 0x00000000000056d0
0 17 2 1

fl=(66) /build/glibc-S7Ft5T/glibc-2.23/math/../sysdeps/x86_64/fpu/multiarch/s_floor.S
fn=(230) floor
25 1
+1 1
+1 1
+1 1 1 1
+2 1

fl=(56) /build/glibc-S7Ft5T/glibc-2.23/math/../sysdeps/x86_64/fpu/multiarch/e_exp.c
fn=(210) __exp_finite
9 8 2 1

fl=(57) /build/glibc-S7Ft5T/glibc-2.23/math/../sysdeps/x86_64/fpu/multiarch/s_sin.c
fn=(212) cos
12 8 2 1

fn=(236) sin
17 8 2

fl=(59) /build/glibc-S7Ft5T/glibc-2.23/math/../sysdeps/x86_64/fpu/multiarch/s_ceilf.S
fn=(216) ceilf
25 1
+1 1
+1 1
+1 1 1 1
+2 1

fl=(62) /build/glibc-S7Ft5T/glibc-2.23/math/../sysdeps/x86_64/fpu/multiarch/e_log.c
fn=(222) __log_finite
9 8 2 1

fl=(65) /build/glibc-S7Ft5T/glibc-2.23/math/../sysdeps/x86_64/fpu/multiarch/s_floorf.S
fn=(228) floorf
25 1
+1 1
+1 1
+1 1 1 1
+2 1

fl=(61) /build/glibc-S7Ft5T/glibc-2.23/math/../sysdeps/x86_64/fpu/multiarch/e_pow.c
fn=(220) __pow_finite
8 5 1

fl=(64) /build/glibc-S7Ft5T/glibc-2.23/math/../sysdeps/x86_64/fpu/multiarch/e_asin.c
fn=(232) __asin_finite
16 5 1

fn=(226) __acos_finite
10 5 1

ob=(7) /lib/x86_64-linux-gnu/libdl-2.23.so
fl=(91) ???
fn=(924) 0x0000000000000db0
0 9 1 1

fn=(914) 0x0000000000000e40
0 8 2
cob=(2)
cfi=(16)
cfn=(920) 0x0000000006173d98
calls=1 0 
0 63 10 2 1 1
0 1
cfn=(924)
calls=1 0 
0 9 1 1
0 3

fn=(348) 0x0000000000000e80
0 17 2 1

fl=(92) /build/glibc-S7Ft5T/glibc-2.23/dlfcn/dlfcn.c
fn=(356) init
29 1
+1 2

fl=(169) /build/glibc-S7Ft5T/glibc-2.23/dlfcn/dlerror.c
fn=(912) check_free
188 3 1
+15 1

fn=(910) fini
210 2
cfn=(912)
calls=1 -22 
* 4 1

ob=(2)
fl=(16)
fn=(398) 0x0000000005205528
0 6 1 1

fn=(790)
0 1 0 0 1 1
cob=(3)
cfi=(167) /build/glibc-S7Ft5T/glibc-2.23/stdlib/cxa_finalize.c
cfn=(770) __cxa_finalize
calls=1 31 
0 62 10 2

fn=(844) 0x0000000005205818
0 1 0 0 1 1
cob=(3)
cfi=(167)
cfn=(770)
calls=1 31 
0 62 10

fn=(898)
0 1 0 0 1 1
cob=(3)
cfi=(167)
cfn=(770)
calls=1 31 
0 62 10

fn=(952) 0x0000000006386c04
0 3

fn=(328) 0x0000000006379550
0 2
cob=(6) /home/linuxbrew/.linuxbrew/Cellar/zlib/1.2.12/lib/libz.so.1.2.12
cfi=(90) ???
cfn=(330) 0x0000000000002860
calls=1 0 
0 6 1 1
0 2

fn=(344) 0x0000000006173ca0
0 6 1

fn=(358) 0x000000000571f6a8
0 5 1
cob=(8)
cfi=(93)
cfn=(362)
calls=1 0 
0 2579 457 32 7 5
0 2

fn=(386) 0x000000000542fd40
0 6 1 1

fn=(446) 0x0000000004027000
0 6 1 1

fn=(782) 0x00000000040272b8
0 3

fn=(836) 0x0000000004fe8a78
0 3

fn=(890) 0x00000000058a941c
0 3

fn=(554) 0x0000000005dc88a0
0 11 0 0 11 1
cob=(3)
cfi=(112) /build/glibc-S7Ft5T/glibc-2.23/malloc/malloc.c
cfn=(534) malloc
calls=11 2909 
0 2329 389 134

fn=(768) 0x0000000004027030
0 1 0 0 1 1
cob=(3)
cfi=(167)
cfn=(770)
calls=1 31 
0 62 10 2

fn=(826) 0x0000000004fabd58
0 1 0 0 1 1
cob=(3)
cfi=(167)
cfn=(770)
calls=1 31 
0 62 10

fn=(880)
0 1 0 0 1 1
cob=(3)
cfi=(167)
cfn=(770)
calls=1 31 
0 62 10

fn=(476) 0x0000000000401000
0 6 1 1

fn=(574) 0x0000000005dc88a8
0 5 0 0 5 1
cob=(3)
cfi=(112)
cfn=(576) free
calls=5 2941 
0 332 71 29

fn=(818) 0x0000000004d8020c
0 3

fn=(872) 0x000000000547ba48
0 3

fn=(434) 0x0000000004a2d428
0 6 1

fn=(808) 0x0000000004d433a8
0 1 0 0 1 1
cob=(3)
cfi=(167)
cfn=(770)
calls=1 31 
0 62 10

fn=(862) 0x0000000005431900
0 1 0 0 1 1
cob=(3)
cfi=(167)
cfn=(770)
calls=1 31 
0 62 10

fn=(422) 0x0000000004d41238
0 6 1 1

fn=(930) 0x0000000006174990
0 3

fn=(282)
0 1 0 0 1 1
cob=(3)
cfi=(76) /build/glibc-S7Ft5T/glibc-2.23/elf/dl-tsd.c
cfn=(284) __libc_dl_error_tsd
calls=1 48 
0 3

fn=(84) 0x0000000004000ab0
0 15 0 0 15 1
cob=(1)
cfi=(17) /build/glibc-S7Ft5T/glibc-2.23/elf/dl-minimal.c
cfn=(86) free
calls=15 120 
0 172 27 5

fn=(410) 0x0000000004faab58
0 6 1 1

fn=(760) 0x00000000004019e4
0 3

fn=(800) 0x0000000004a9ed2c
0 3

fn=(854) 0x000000000520d3e8
0 3

fn=(908) 0x0000000005b9ead4
0 3

fn=(920)
0 1 0 0 1 1
cob=(3)
cfi=(167)
cfn=(770)
calls=1 31 
0 62 10 2

fn=(252) 0x0000000005b91580
0 2
cob=(5)
cfi=(69)
cfn=(254)
calls=1 301 
0 6617 961 82 24 15
0 2

ob=(1)
fl=(25) /build/glibc-S7Ft5T/glibc-2.23/string/../sysdeps/x86_64/memcpy.S
fn=(70) mempcpy
61 163
+4 163 163 14
+3 161
+1 161 161 51
+2 74
+1 74
+2 74
+1 74
+5 74
+1 74 74 12
-1 87
+1 87 87 20
+2 102
+1 102
+2 102
+1 102
+5 102
+1 102 102 31
-1 59
+1 59 59 23
+2 57
+1 57
+2 57
+1 57
+5 57
+1 57 57 16
-1 104
+1 104 104 17
+2 84
+1 84
+2 84
+1 168
+5 84
+1 84 84 31
-1 77
+1 110 77 16
+5 33
+1 33
+1 33
+1 33
+2 33
+2 33
+1 33
+2 33 33
+6 161
+4 161
+12 33
+2 33
+1 33 33 9
+26 33
+1 33 33
+3 33
+1 33
+1 33 33
+5 34
+2 34
+1 34
+1 34
+1 34
+2 34
+1 34
+1 34
+1 34
+2 34
+1 34
+2 34 34 8
+2 1
+2 1
+1 1
+1 1
+1 1
+2 1
+1 1
+1 1
+1 1
+2 1
+1 1
+2 1 1 1
+5 33
+2 33 33 10
+2 2
+7 2

fl=(12) /build/glibc-S7Ft5T/glibc-2.23/elf/../misc/sbrk.c
fn=(24) sbrk
34 4
+8 6 2
+4 2 1 1
+16 5

fl=(13) /build/glibc-S7Ft5T/glibc-2.23/elf/dl-environ.c
fn=(28) _dl_next_ld_env_entry
30 3
+3 10 3 2
+13 65
-13 195 65
+2 134 67 22
+1 28 14 4
+5 2
-3 2
+3 2
+2 2
-12 1
+19 1

fl=(34) /build/glibc-S7Ft5T/glibc-2.23/elf/dl-misc.c
fn=(108) _dl_name_match_p
288 5480
+1 2192
cfi=(19) /build/glibc-S7Ft5T/glibc-2.23/string/../sysdeps/x86_64/multiarch/../strcmp.S
cfn=(54) strcmp
calls=1096 144 
* 32936 3998 420 312 156
* 1096
+1 1096
-1 1096 1096
+3 1096
+2 2192 1096 25
+4 1092
-4 2184 1092 79
+1 3402
cfi=(19)
cfn=(54)
calls=1134 144 
* 34669 4183 428 270 69
* 2268 1134 36
-5 42
+11 1264
-1 1054
+1 4216

fn=(142) _dl_sysdep_read_whole_file
45 2
+7 1
-7 3
+7 1
-7 3
+7 1
cfi=(24) /build/glibc-S7Ft5T/glibc-2.23/io/../sysdeps/unix/syscall-template.S
cfn=(112) open
calls=1 +32 
* 5 1
+1 2 1
+2 5
cfi=(36) /build/glibc-S7Ft5T/glibc-2.23/io/../sysdeps/unix/sysv/linux/wordsize-64/fxstat.c
cfn=(120) _fxstat
calls=1 -21 
* 10 2
* 2 1
+2 1
+3 1
-3 1
+3 1 1 1
+13 2
cfi=(24)
cfn=(130) close
calls=1 +11 
* 5 1
+3 7
-14 6
cfi=(37) /build/glibc-S7Ft5T/glibc-2.23/misc/../sysdeps/unix/sysv/linux/wordsize-64/mmap.c
cfn=(122) mmap
calls=1 -29 
* 33 3 2
* 2

fl=(28) /build/glibc-S7Ft5T/glibc-2.23/string/../sysdeps/x86_64/multiarch/../strchr.S
fn=(82) index
24 55
+1 55
+1 55
+1 55
+1 55
+1 55
+1 55
+1 55 55
+1 55
+1 55
+1 55
+1 55
+1 55
+1 55
+1 55
+1 55
+1 55 55 21
+1 28
+4 28
+1 28
+1 28
+1 28
+2 28
+4 27
+1 27
+1 27
+1 27
+1 27
+1 27
+1 27
+1 27
+1 27
+1 27
+1 27
+1 27
+1 27
+1 27
+1 27
+1 27
+1 27
+1 27
+1 27
+1 27
+1 27
+1 27
+1 27
+1 28 27 10
+5 1
+1 1
+3 1
+1 1
+1 1
+1 1
+1 1
+1 1
+1 1
+1 1
+1 1
+1 1
+1 1
+1 1
+1 1
+1 1
+1 1
+1 1
+1 1
+1 1
+2 1
+1 1 1 1
-20 1
+1 1
+1 1
+1 1
+1 1
+1 1
+1 1
+1 1
+1 1
+1 1
+1 1
+1 1
+1 1
+1 1
+1 1
+1 1
+1 1
+1 1
+2 1
+1 1 1
+2 1
+1 1
+1 1
+1 1
+1 1
+1 1
+1 1
+1 1
+2 1
+1 1
+1 1
+1 1
+1 1
+1 1
+1 1
+1 1
+1 1
+1 1
+3 1
+4 1
+1 1
+1 1
+1 1
+2 1
-9 26
+4 26
+1 26
+1 26
+1 26
+2 26

fl=(6) /build/glibc-S7Ft5T/glibc-2.23/elf/dl-lookup.c
fn=(10) _dl_setup_hash
956 39 13
+4 13
+4 26
+2 13
-1 13
+3 39 13
+1 13
+1 13
+3 13
-3 13
+7 13
-4 13
-1 13
+3 13
+2 13
-7 13
+7 13
+1 13

fn=(182) check_match
92 1328
+3 1162 332 6
+12 996 166
+3 992 166 25
cfi=(19)
cfn=(54)
calls=82 +34 
* 3581 412 133 35 30
* 164 82 1
+5 166
-1 166
+1 166 166 12
+2 288 144 5
+19 288
+1 1152 144 12
+46 166
-7 166
+7 830
-18 44 22
+2 22
+1 88
-1 110 22 6
-29 432
cfi=(19)
cfn=(54)
calls=144 +6 
* 4072 491 62 14 13
* 432 144

fn=(178) _dl_lookup_symbol_x
806 2299
568 209
806 836
568 1045 209 1
+1 209
-1 209
+1 627
-1 627 209 7
+1 2892
-1 2892
+1 8676
-1 9094 2892 242
808 209
+4 209
+4 209
-8 209
+1 418
+7 497 353 40
+7 209
-2 209
+2 209
-2 209 209
+6 209
-7 209
+7 418 209
-7 1254
+15 76 76 9
-8 380 76 20
+2 3388
cfn=(180) do_lookup_x
calls=242 355 
* 196462 32727 1440 288 99
+3 726 242 9
+26 418 209 4
+22 166
+1 1162 332
+31 166
+9 830 166
+14 498 166 1
+3 664 166 2
+5 166
+2 1672
-85 301 86 2
+16 43
+1 86
+59 2

fn=(180)
355 1694
+1 242
-1 1210
+48 242
-30 242
-11 242
+41 242
+7 484
-7 484
-30 968
+37 968
-44 484
+3 484 242 1
-3 3730
+3 3730 1865
+4 4214 2107 23
+4 4214 2107 6
+4 4214 2107 5
+6 6321 2107 1
+8 2107
-4 2107
+1 2107
+3 4214
+1 6321
+3 2107
+1 4214 2107
+2 4214
+8 2107
-8 2107
+8 21070 2107 258
-99 1941
553 11520 4487 160
+1 1264
cfi=(34)
cfn=(108)
calls=632 288 
* 52317 6829 316 239 56
* 1896 632
+3 5823 1941 90
+3 76
+1 1936
-92 332 166
+50 1272 470 22
+4 42 14
+12 332
+1 166
+1 332
413 1476
+2 492 246 29
+2 2834
+13 777 259 60
-10 2125 425 191
+2 332
+1 830
-1 166
+1 1162
-1 166
+1 498
cfn=(182)
calls=166 92 
* 16811 2291 262 49 43
+4 498 166 12
+34 104 52 4
+94 364
439 1494

fl=(36)
fn=(120)
34 12
-1 12
+1 12 12
+1 72 12
+4 12

fl=(26) /build/glibc-S7Ft5T/glibc-2.23/string/../sysdeps/x86_64/multiarch/../memset.S
fn=(72) memset
53 45
+1 45
+1 45
+1 45
+1 45
+2 45
+1 45 45 11
+1 38
+1 38 38 13
+1 13
+1 13
+1 13
+1 13 13 2
+2 12
+4 2
+1 2
+1 2
+3 7
+1 7
+1 7
+1 7
+1 7
+1 7
+1 7
+1 7
+1 7
+1 7
+1 7
+1 7
+1 7
+1 13 7 1
+3 6
+1 6
+1 6
+1 6
+1 6
+1 6
+1 6 6 3
-6 99
+1 99
+1 99
+1 99
+1 99
+1 99
+1 99 99 14
+1 6
+3 25
+1 25
+1 25 25 14
+1 6
+1 6 6 5
+1 2
+1 2 2 2
+3 2
+1 2 2
+1 2
+1 2
+2 4
+1 4
+1 4
+2 19
+1 19
+1 19

fl=(23) /build/glibc-S7Ft5T/glibc-2.23/elf/dl-hwcaps.c
fn=(66) _dl_important_hwcaps
39 6
+3 1
-3 2
+3 1
-1 1
+1 1
+9 1
-12 4
+12 2 1 1
+10 4 1 1
162 2 1 1
-47 3
cfi=(24)
cfn=(68) access
calls=1 -31 
* 9 1 1
* 2 1 1
+55 3 1
+2 2
+1 5
+4 2
+4 1
-4 1
+1 1
+3 1 1
+3 1
+1 1
-1 1 1
+4 3
+1 1
-1 9
+1 1 1 1
+18 10
+1 2
-1 1
+1 3
cfi=(17)
cfn=(40) malloc
calls=1 94 
* 29 3 1 1
* 1 0 0 1
+1 1
-1 1
+1 5 1
+29 1
+3 1
-3 2
+3 1 1 1
+23 7
+6 2
-1 2 1 1
+1 6
-1 8 3 2
+5 6
+3 1
-3 1
+3 1 1
-3 3
+3 1
-3 1
+3 5 1
+1 12 4 1
+1 4
-1 4
+1 8
-2 4
+1 8 4 1
-1 14 4 2
+4 4 2 1
+4 1
-1 1
+2 1
-2 1
+1 1
+1 1
-2 1
+2 10 1 1
+13 2
+1 1
-1 1
+3 2 1 1
-3 2
+1 1
-1 1
+3 2 1
+3 4
+3 1
-1 1
+1 9
113 1
+17 1
+1 1
-1 9
243 6
cfi=(25)
cfn=(70)
calls=1 61 
* 22 6 3
* 4
cfi=(25)
cfn=(70)
calls=1 61 
* 18 6 4
+1 4
cfi=(25)
cfn=(70)
calls=1 61 
* 22 6 3
* 4
cfi=(25)
cfn=(70)
calls=1 61 
* 18 6 4
* 12

fl=(166) /build/glibc-S7Ft5T/glibc-2.23/elf/dl-fini.c
fn=(748) _dl_fini
130 8
+17 1
+3 15 2 2
+3 2 0 0 1 1
cob=(5)
cfi=(116)
cfn=(524)
calls=1 -89 
* 36 7 2
+2 1
+3 2 1
+2 6 1 1
+8 1
-3 1
+3 8
+7 26 13
+2 26 13 2
+2 13
+1 13
+5 13
-6 13
-6 13
+8 13
-8 27 13 2
+14 9 2
+1 2 1 1
+4 1
31 1
+2 1
192 1
33 1 1
+6 1
-1 1
+2 1
-2 2
+1 8
+1 1
cfi=(26)
cfn=(72)
calls=1 +13 
* 14 3
* 1
+77 60 12 1
+3 88
cfi=(26)
cfn=(72)
calls=11 -67 
* 171 38 13
* 28
-76 42
+1 42
+4 56 28 2
+6 28
+1 28 14 1
+2 340
+1 193 68 11
+2 660 220 37
+1 495 165 18
+5 20
cfi=(44) /build/glibc-S7Ft5T/glibc-2.23/string/../string/memmove.c
cfn=(150) memmove
calls=2 -22 
* 134 12 2 2
+12 4
-10 2
+10 8
-10 2
+10 6 2 2
201 3 0 0 1 1
cob=(5)
cfi=(118)
cfn=(532)
calls=1 39 
* 28 8 5
+5 3 1
81 4
208 1
+2 3 1
-2 12
+2 36 12
+3 26
+3 39 13 2
+4 22 11
+9 11
+3 11
-3 11
+3 22
+2 44 11
+1 22 0 0 11 11
cob=(6)
cfi=(90)
cfn=(932) 0x00000000000028f0
calls=1 0 
* 1914 283 18 6 4
cob=(7)
cfi=(169)
cfn=(910)
calls=1 -25 
* 6 1
cob=(5)
cfi=(79)
cfn=(892)
calls=1 0 
* 84 13 1 1 1
cob=(8)
cfi=(93)
cfn=(874)
calls=1 0 
* 84 13 0 1 1
cob=(9) /home/linuxbrew/.linuxbrew/Cellar/openssl@1.1/1.1.1n/lib/libssl.so.1.1
cfi=(96) ???
cfn=(856) 0x000000000001d9b0
calls=1 0 
* 84 13 2 1 1
cob=(10) /home/linuxbrew/.linuxbrew/Cellar/json-c/0.16/lib/libjson-c.so.5.2.0
cfi=(97) ???
cfn=(838) 0x00000000000038e0
calls=1 0 
* 84 13 1 1 1
cob=(11) /home/linuxbrew/.linuxbrew/Cellar/libxlsxwriter/1.1.4/lib/libxlsxwriter.so.4
cfi=(98) ???
cfn=(820) 0x000000000000cdf0
calls=1 0 
* 84 13 1 1 1
cob=(12) /home/linuxbrew/.linuxbrew/Cellar/libwebsockets/4.3.1/lib/libwebsockets.so.19
cfi=(99) ???
cfn=(802) 0x0000000000012b90
calls=1 0 
* 84 13 1 1 1
cob=(4)
cfi=(100)
cfn=(784)
calls=1 0 
* 84 13 3 1 1
cob=(13) /home/linuxbrew/.linuxbrew/Cellar/valgrind/HEAD-9fd4181/libexec/valgrind/vgpreload_core-amd64-linux.so
cfi=(101) ???
cfn=(762) 0x00000000000010e0
calls=1 0 
* 84 13 3 1 1
cob=(14) /home/alex/Documente/foaie/parcurs/SCRATCH/date_ex
cfi=(102) ???
cfn=(750) 0x0000000000401930
calls=1 0 
* 13 2 1
* 2 0 0 1 1
cob=(7)
cfi=(91)
cfn=(914)
calls=1 0 
* 84 13 3 1 1
-1 47 12 1
+5 22 11
+1 33 0 0 11 11
cob=(2)
cfi=(16)
cfn=(952)
calls=1 0 
* 3
cob=(2)
cfi=(16)
cfn=(930)
calls=1 0 
* 3
cob=(2)
cfi=(16)
cfn=(908)
calls=1 0 
* 3
cob=(2)
cfi=(16)
cfn=(890)
calls=1 0 
* 3
cob=(2)
cfi=(16)
cfn=(872)
calls=1 0 
* 3
cob=(2)
cfi=(16)
cfn=(854)
calls=1 0 
* 3
cob=(2)
cfi=(16)
cfn=(836)
calls=1 0 
* 3
cob=(2)
cfi=(16)
cfn=(818)
calls=1 0 
* 3
cob=(2)
cfi=(16)
cfn=(800)
calls=1 0 
* 3
cob=(2)
cfi=(16)
cfn=(782)
calls=1 0 
* 3
cob=(2)
cfi=(16)
cfn=(760)
calls=1 0 
* 3
+6 78 26 3
+16 26
-56 29 13 5
+11 6 2
92 198 66
+21 66
-57 143 66 18
+30 12
cfi=(44)
cfn=(150)
calls=2 -41 
* 112 18 1
+1 6
268 4 1
+2 1
-2 2 1
+6 2 1
+7 8

fl=(40) /build/glibc-S7Ft5T/glibc-2.23/elf/dl-deps.c
fn=(132) _dl_map_object_deps
161 1
-1 1
+1 1
-1 4
+1 1
-1 2
+1 1
-1 2
+1 1
-1 2
+1 3
-15 1
+15 1
-17 1
+1 1
+1 1
+6 4
+26 1
-26 1
+26 7 1
-34 1
+2 1
+33 2
-33 1
-2 1
+2 2
-2 1
+1 1
+1 1
+6 3
+26 1
-26 1
+26 5 1
+4 1
+21 1
+1 1
-22 2
+19 1
-12 1
+15 1
-16 2
+13 1
317 9
217 1
-4 1
-4 1
+8 13 1 1
-4 12
-4 12
+8 12 12 9
+12 26 13 3
+2 11
+11 11
-5 11
-6 22
+5 11
+2 22
+1 22
+3 77 11
+50 90 30 4
+1 66
-51 1264 316 11
+1 632 316 20
+6 150
cfi=(28)
cfn=(82)
calls=30 24 
* 930 70 18
* 60 30 2
+5 150
-3 30
+3 30
cfi=(32) /build/glibc-S7Ft5T/glibc-2.23/elf/dl-error.c
cfn=(98) _dl_catch_error
calls=30 -91 
* 90833 14777 1966 464 161
+2 90 30
+15 30
+2 60 30 5
+5 11
+6 11
+2 11
-8 22
+3 11
+1 11
+1 11
+1 11
+4 66
+7 858 286 10
459 39 13 2
+2 33
+2 33
cfi=(17)
cfn=(40)
calls=11 94 
* 319 33 4 11
* 11 0 0 11
+2 11
-2 11
+2 11 11
+4 44
-1 11
+1 11
cfi=(18) /build/glibc-S7Ft5T/glibc-2.23/string/../sysdeps/x86_64/multiarch/../memcpy.S
cfn=(46) memcpy
calls=11 61 
* 297 78 26
+1 55
cfi=(18)
cfn=(46)
calls=11 61 
* 297 78 28
+4 11
-1 11
+5 76 13 10
+7 6 2
+1 1
+3 5 1 1
+10 4
cfi=(17)
cfn=(40)
calls=1 94 
* 29 3 1 1
* 1 0 0 1
+3 1
-3 1
+3 1 1
+5 6
+1 1
-1 3 1
+1 2
+8 2
+4 3
-4 1
-6 3 1 1
-2 12
+8 24
+4 36
-4 12
-6 36 12 9
+13 3 1
+51 3 1
+2 3 1 1
+42 1
-4 1
+5 2
-1 4
+1 2
cfi=(26)
cfn=(72)
calls=1 53 
* 14 3
* 1
-2 9
+7 1
-1 1
+1 1
-1 2
+7 1
-7 1
+7 2 1
-13 13
+7 13
-1 13
+1 13
-1 26
+7 13
-7 13
+7 39 13 1
+2 52
+1 26 13 3
-1 220
+1 167 55 8
+2 660 220 40
+1 495 165 25
+4 20
cfi=(44)
cfn=(150)
calls=2 45 
* 134 12 8 2 1
+4 6
-2 2
+2 12 2 2
+20 99
cfi=(26)
cfn=(72)
calls=11 53 
* 171 38 12
* 55
-6 66
-28 132 66 16
+31 46 12 1
-10 14
cfi=(44)
cfn=(150)
calls=2 45 
* 112 18 10
+2 6
+2 4
-2 2
+2 4
+16 2
+2 1
+1 1
-1 1
+2 3 1 1
+7 3 1 1
+3 3 1
+3 8
481 36 12 9
-1 13
+1 27 13 9
202 2
+27 8 4
-19 4
+8 88 38 2
+2 11
+2 44 11 5
+2 45 3
338 24
611 8
cfi=(18)
cfn=(46)
calls=1 61 
* 66 13 9
+2 1
-38 1
+38 1 1 1
209 2

fn=(134) openaux
60 60
+7 30
-4 330
cfi=(22) /build/glibc-S7Ft5T/glibc-2.23/elf/dl-load.c
cfn=(106) _dl_map_object
calls=30 2189 
* 88463 14747 1966 404 160
* 30
+5 60

fl=(44)
fn=(150)
45 10
+6 10
-6 30
+6 10
-6 20
+6 20 10 3
+8 32 8
+3 16
+1 4
-1 4
+1 4 4 2
+12 48 4 2
+6 160 32 12
+31 70
-25 2
+4 2
-3 2
+3 2 2
+3 10
+1 4 2 2
+7 22 2 2
+6 6 2 2
-33 4
cfi=(45) /build/glibc-S7Ft5T/glibc-2.23/string/wordcopy.c
cfn=(154) _wordcopy_fwd_aligned
calls=4 -37 
* 80 4 4 4 1
* 4
+27 2
cfi=(45)
cfn=(152) _wordcopy_bwd_aligned
calls=2 235 
* 46 2 2 2 1
* 2

fl=(74) /build/glibc-S7Ft5T/glibc-2.23/elf/../elf/dl-runtime.c
fn=(270) _dl_fixup
66 30
+5 30
-5 15
+3 30
+3 15
-1 30
-3 15
+5 90
+1 15
-1 15
+1 30
+5 30 15
+4 30 15
+4 45 15 2
+4 15
+1 75
+2 60
+7 30
-1 15
+1 15 15
+10 135
cfi=(6)
cfn=(178)
calls=15 806 
* 25392 3906 180 53 20
* 15
+4 75 15
+10 90 30
+16 15
-8 15
+8 45 15 1
+4 45 15
fi=(5) /build/glibc-S7Ft5T/glibc-2.23/elf/../sysdeps/x86_64/dl-machine.h
+92 15
fe=(74)
-88 45
fi=(125) /build/glibc-S7Ft5T/glibc-2.23/elf/../sysdeps/x86_64/dl-irel.h
32 1 0 0 1 1
cob=(3)
cfi=(49) /build/glibc-S7Ft5T/glibc-2.23/time/../sysdeps/unix/sysv/linux/x86/time.c
cfn=(186) time
calls=1 +6 
* 66 6 3
* 1
fe=(74)

fl=(27) /build/glibc-S7Ft5T/glibc-2.23/string/strdup.c
fn=(76) strdup
40 80
+1 20
cfi=(11) /build/glibc-S7Ft5T/glibc-2.23/string/../sysdeps/x86_64/strlen.S
cfn=(22) strlen
calls=20 +25 
* 878 71 23
* 20
+1 40
cfi=(17)
cfn=(40)
calls=20 +52 
* 631 64 12 20
* 20 0 0 20
+2 40 20
+4 20
-1 40
+1 40
-1 40
cfi=(18)
cfn=(46)
calls=20 +14 
* 1244 236 92

fl=(41) /build/glibc-S7Ft5T/glibc-2.23/io/../sysdeps/unix/sysv/linux/wordsize-64/xstat.c
fn=(138) _xstat
34 32
-1 32
+1 32 32
+1 192 32 10
+4 8
-4 96

fl=(47) /build/glibc-S7Ft5T/glibc-2.23/elf/dl-reloc.c
fn=(172) _dl_relocate_object
149 130
+15 13
-15 26
+15 13 13
+1 78
+6 26 13
+6 39 13 1
-18 26
+22 26 13
+7 13
-32 13
+32 13 13
+44 13
fi=(5)
76 39
fe=(47)
232 26
fi=(5)
76 37 25 2
+6 22
+4 33 11 2
+14 11
-8 11
+8 22 11
+20 22 11
+4 44
-2 11
+9 39 13 4
fe=(47)
258 529 168 41
-98 66
fi=(5)
303 88
fe=(47)
-45 11
fi=(4) /build/glibc-S7Ft5T/glibc-2.23/elf/do-rel.h
58 11
-10 11
-1 22
+11 11
-11 11
+11 11 11 3
fe=(47)
258 2
-98 12
fi=(5)
303 16
fe=(47)
-45 2
fi=(4)
58 2
-10 2
-1 4
+11 2
-11 2
+11 2 2 2
fe=(47)
258 13
fi=(4)
58 13
-10 13
-1 26
+11 13
-11 13
+11 13 13 2
+3 55 11 3
fi=(5)
530 3174
+4 3174 1587 1
+2 4761 1587
+1 1587
fi=(4)
61 4821 1607 11
+2 6436 1609 11
+2 70 22 6
-4 6 2
+13 22 11 2
+1 10 4 2
+1 44 22
fi=(5)
530 22
+26 22
fi=(4)
75 22
fi=(5)
556 44 0 0 22 22
cob=(4)
cfi=(57)
cfn=(236)
calls=1 17 
* 8 2
cob=(4)
cfi=(67)
cfn=(234)
calls=1 9 
* 8 2
cob=(4)
cfi=(64)
cfn=(232)
calls=1 16 
* 5 1
cob=(4)
cfi=(66)
cfn=(230)
calls=1 25 
* 5 1 1
cob=(4)
cfi=(65)
cfn=(228)
calls=1 25 
* 5 1 1
cob=(4)
cfi=(64)
cfn=(226)
calls=1 10 
* 5 1
cob=(4)
cfi=(63)
cfn=(224)
calls=1 25 
* 5 1 1
cob=(4)
cfi=(62)
cfn=(222)
calls=1 9 
* 8 2 1
cob=(4)
cfi=(61)
cfn=(220)
calls=1 8 
* 5 1
cob=(4)
cfi=(60)
cfn=(218)
calls=1 25 
* 5 1 1
cob=(4)
cfi=(59)
cfn=(216)
calls=1 25 
* 5 1 1
cob=(4)
cfi=(58)
cfn=(214)
calls=1 25 
* 5 1 1
cob=(4)
cfi=(57)
cfn=(212)
calls=1 12 
* 8 2 1
cob=(4)
cfi=(56)
cfn=(210)
calls=1 9 
* 8 2 1
cob=(3)
cfi=(55) /build/glibc-S7Ft5T/glibc-2.23/string/../sysdeps/x86_64/multiarch/memmove.c
cfn=(204) memcpy@GLIBC_2.2.5
calls=1 54 
* 11 2 1
cob=(3)
cfi=(54) /build/glibc-S7Ft5T/glibc-2.23/time/../sysdeps/unix/sysv/linux/x86/gettimeofday.c
cfn=(200) gettimeofday
calls=1 37 
* 66 6 3
cob=(3)
cfi=(53) /build/glibc-S7Ft5T/glibc-2.23/string/../sysdeps/x86_64/multiarch/strspn.S
cfn=(198) strspn
calls=1 30 
* 6 1
cob=(3)
cfi=(52) /build/glibc-S7Ft5T/glibc-2.23/string/../sysdeps/x86_64/multiarch/strcspn.S
cfn=(196) strpbrk
calls=1 45 
* 6 1
cob=(3)
cfi=(48) /build/glibc-S7Ft5T/glibc-2.23/string/../sysdeps/x86_64/multiarch/strcmp.S
cfn=(194) strncasecmp
calls=1 129 
* 5 1 1
cob=(3)
cfi=(52)
cfn=(192) strcspn
calls=1 45 
* 6 1
cob=(3)
cfi=(49)
cfn=(186)
calls=1 38 
* 66 6 4
cob=(3)
cfi=(48)
cfn=(184) strcasecmp
calls=1 109 
* 5 1 1
fi=(4)
75 22
fi=(5)
557 22
fi=(4)
75 28 22 14
fe=(47)
258 4 2
fi=(4)
75 48
fe=(47)
258 48 24 5
+3 52 13
+24 13
+3 26 13
+17 39 13 6
+2 104
fi=(4)
84 15
-1 15
+3 30
-3 15
+3 15
+12 45 15 2
+10 26 13 1
+3 37 13 2
fi=(5)
514 11
fi=(4)
112 22
fi=(5)
514 14312 11
fi=(4)
112 28580
fi=(5)
514 28580 14290
+5 28602 14301 2
+1 28602
fi=(4)
111 28602
fi=(5)
520 14301
fi=(4)
111 14301 14301 16
+7 45 15 2
+6 13
-3 26
+3 37 13 2
fi=(5)
449 36
fi=(4)
127 888 222
+9 444
+3 222
-3 222
+3 222
fi=(5)
271 222
fi=(4)
138 222
-2 222
+1 888
fi=(5)
271 222 222
+21 444 222 18
+4 444 222
+7 4437 982 23
fi=(4)
137 187
fi=(5)
303 374
fi=(4)
137 187
fi=(5)
303 187
fi=(4)
137 187
fi=(5)
303 2992 187
cfi=(6)
cfn=(178)
calls=187 806 
* 209951 33392 1562 235 79
* 1496
+2 621 207 2
+3 184
-3 368
+3 552 184 3
+6 1332 222 1 222 11
fe=(47)
178 26 13 2
fi=(5)
437 609
fi=(4)
124 690 222 23
+19 24 12 4
fi=(5)
303 57 4
fi=(4)
108 3 1
fi=(5)
409 54 18 2
+4 90 18
+14 90
-80 2 1
+1 3
fe=(47)
-35 60
+3 12
-3 24
+3 12
+4 24 12 1
+1 48
cfi=(43) /build/glibc-S7Ft5T/glibc-2.23/misc/../sysdeps/unix/syscall-template.S
cfn=(146) mprotect
calls=12 84 
* 60 12
* 36 12 4
-63 3
fi=(5)
+53 16 4
+1 2 0 0 2 2
cob=(3)
cfi=(48)
cfn=(208) strcmp
calls=1 87 
* 5 1 1
cob=(3)
cfi=(48)
cfn=(184)
calls=1 109 
* 5 1 1
* 8
fi=(4)
129 26
fi=(5)
303 580 80 6
fi=(4)
160 11 2 1
+2 28 7
+8 14
+1 7
-1 7
+1 7
fi=(5)
271 7
fi=(4)
170 21
fi=(5)
271 7 7
+21 14 7
+4 14 7 1
+7 252 35 3
cfi=(6)
cfn=(178)
calls=7 806 
* 6155 1029 35
* 49
+2 21 7 4
+3 2
-3 4
+3 6 2
+6 42 7 0 7 1
437 21
fi=(4)
160 23 7 5
+14 2 1 1
fi=(5)
303 40
fe=(47)

fl=(7) /build/glibc-S7Ft5T/glibc-2.23/elf/../elf/dl-sysdep.c
fn=(12) _dl_sysdep_start
86 8
+25 1
-1 1
+1 210 68 10
+6 1
-3 1
+1 1
-4 1
+3 1
+3 4 1
+1 2
-1 25
+1 108 19 2 17 13
-1 106 29 12
+62 1
+1 1
-1 1
+1 1
-29 1
+1 2
+11 1
+1 1
-1 1
+1 1
-7 1
+1 1
-1 1
+1 1
-4 1
+1 2
-25 1
+1 2
-4 1
+1 2
-7 1
+1 1
+2 1
+1 1
fi=(8) /build/glibc-S7Ft5T/glibc-2.23/elf/../sysdeps/unix/sysv/linux/dl-sysdep.c
-90 2
cfi=(9) /build/glibc-S7Ft5T/glibc-2.23/elf/../sysdeps/unix/sysv/linux/x86_64/brk.c
cfn=(16) brk
calls=1 -4 
* 11 2
fi=(5)
225 5 2 1
+4 1
cfi=(10) /build/glibc-S7Ft5T/glibc-2.23/elf/../sysdeps/x86/cpu-features.c
cfn=(20) init_cpu_features.constprop.0
calls=1 46 
* 134 22 9 1 1
fe=(7)
+2 3 1
+1 1
cfi=(11)
cfn=(22)
calls=1 66 
* 32 2 1
* 1
+2 2
cfi=(12)
cfn=(24)
calls=1 34 
* 17 3 1
* 3 1
+12 3 1
+3 5 0 0 1 1
cfi=(2)
cfn=(26) dl_main
calls=1 790 
* 601217 112665 5382 1242 364
+2 9
-11 2

fn=(240) _dl_sysdep_start_cleanup
256 1

fl=(33) /build/glibc-S7Ft5T/glibc-2.23/setjmp/../sysdeps/x86_64/setjmp.S
fn=(102) __sigsetjmp
26 31
+9 31
+1 62
+1 31
+4 31
+1 31
+1 31
+1 31
+1 31
+2 62
+2 31
+1 31
+1 31
+2 62
+2 31
+4 31
+1 31

fl=(8)
fn=(60) _dl_discover_osversion
45 7
+2 3 1 1
+85 8
-45 3
cfi=(21) /build/glibc-S7Ft5T/glibc-2.23/posix/../sysdeps/unix/syscall-template.S
cfn=(62) uname
calls=1 -3 
* 5 1
* 1
+15 1
-15 1 1
+20 1
-1 1
+3 12 3
+4 3
-2 6
+2 10 3 2
+2 1
+1 2
-3 4 1
+7 3
-1 3
+4 3
-2 3
+2 10 5 3
+5 2 1 1

fl=(29) /build/glibc-S7Ft5T/glibc-2.23/elf/dl-debug.c
fn=(92) _dl_debug_state
74 2

fn=(88) _dl_debug_initialize
50 26 13 10
+5 24 12 8
+5 2
-1 1
+1 2
+1 2
-1 1
+4 1
-13 13
+4 26 13 7
+4 1
-1 1
+1 13 1 1

fl=(30)
fn=(238) _dl_allocate_tls_init
450 2 1
-1 7
+5 1
+6 3
-6 1
+6 1 1
-4 1
+16 1
-15 3
+20 6 1
+6 20 3 1
+3 2
+1 4 2
+6 6 2 2
+3 2
-2 4
+2 8
+1 2
+3 2
-1 6 2 1
+4 4 2
+1 8 2
+2 4 2
+9 12
cfi=(25)
cfn=(70)
calls=2 61 
* 37 13 9
* 8
cfi=(26)
cfn=(72)
calls=2 53 
* 37 5 4
* 4
-38 6 2 2
+52 2
+2 1
+1 8

fn=(168) _dl_determine_tlsoffset
138 7
+6 3 1
+3 2 1
+36 3 1
+2 10 1
-2 1
+2 2 1
+3 2
-1 2
+5 4
-5 6
+3 6
+2 10 2
+16 6
+2 4
-2 4
+2 4 2 2
+10 2
-37 4
+25 2
-25 6 2 1
+40 4
+1 1
+51 1
+1 8

fn=(170) _dl_allocate_tls_storage
354 3
+2 1
+11 3
cfi=(17)
cfn=(44) __libc_memalign
calls=1 52 
* 76 7 4
* 1 0 0 1
+1 2 1
+7 2
+4 1
-57 1
+57 296 288 10
-58 2
+1 2
cfi=(17)
cfn=(36) calloc
calls=1 103 
* 89 8 5 2
* 1 0 0 1
+1 2 1
+3 1
+6 2
+64 5

fn=(274)
346 2
+1 3

fn=(90) _dl_count_modids
115 2 1
+1 2

fn=(206) _dl_add_to_slotinfo
890 6
+9 2
-9 2
+6 4
+8 10 2
+41 2
+1 6
+1 8

fn=(148) _dl_next_tls_modid
49 2
+3 8 2
+48 2
+4 4

fl=(22)
fn=(106)
2189 217
+8 31
-8 62
+8 31 31
+1 124 31
+3 920 255 35
+5 1708 244
+2 732
cfi=(34)
cfn=(108)
calls=244 288 
* 24236 3120 412 192 112
* 488 244 5
+4 448 224
+1 672 224 49
+3 168
+2 672
cfi=(19)
cfn=(54)
calls=168 144 
* 5978 708 155 75 48
* 336 168 10
2500 248
2235 55 11 6
+9 11
-53 11
+53 22 11
+36 22
-2 11
+2 11
cfi=(28)
cfn=(82)
calls=11 24 
* 325 25 5
* 22 11 6
2431 2 1
383 3
cfi=(28)
cfn=(82)
calls=1 24 
* 108 5 2
* 2 1
+4 2
cfi=(27)
cfn=(76)
calls=1 40 
* 190 22 11 2
2432 1
-3 1
+3 2 1
+4 9
cfn=(110) open_verify.constprop.7
calls=1 1717 
* 319 69 23
+3 1
-3 1
+3 3 1
+12 3
+46 1
+1 3
-1 1
+1 9
cfn=(116) _dl_map_object_from_fd
calls=1 893 
* 1784 284 100 7
-1 10
+1 30
-1 10
+1 90
cfn=(116)
calls=10 893 
* 17100 3040 542 72 1
* 62
2284 20
cfi=(11)
cfn=(22)
calls=10 66 
* 214 23 2
* 10
+2 10
-2 10
+2 10 10
+7 40 20 4
+36 48
cfn=(136) open_path
calls=4 2040 
* 1032 169 12
+6 8
-6 4
+6 12 8
666 4
2336 4
666 8 4 4
+3 2 1 1
2423 20 10
+28 30
+2 40 10 1
2297 10
+5 10
-5 10
+5 10 10
+3 20
-3 10
+3 191
cfn=(136)
calls=11 2040 
* 12487 2195 313 12
+4 48 11 6
-7 15 5 2
666 11
2303 11
666 22 11
+3 22 11 7
+3 6 2
+8 16
cfn=(74) decompose_rpath
calls=2 562 
* 12859 2418 198 49
2303 8 2
672 3 1 1
2358 4
-14 4
+14 4 4 1
+2 12 4
+4 8
cfi=(42) /build/glibc-S7Ft5T/glibc-2.23/elf/dl-cache.c
cfn=(140) _dl_load_cache_lookup
calls=4 185 
* 5243 1194 161 8
+2 4
-2 4
+2 4 4
+4 8 4
+8 12 4
+23 40
cfn=(110)
calls=4 1717 
* 1362 316 52
+4 4
-4 4
+4 12 4
+1 8
-89 12 4 2
2493 18
2328 8 4 2
675 2

fn=(74)
562 21
+12 3
-10 3
+10 9 3
+31 12
cfi=(27)
cfn=(76)
calls=3 40 
* 688 78 34 6
+1 3
-1 3
+1 3 3
+7 24 3
+9 18 3 3
-9 906
+9 2718 453 20
+6 6
cfi=(17)
cfn=(40)
calls=3 94 
* 87 9 1 3
* 3 0 0 3
+2 3
-2 3
+2 3 3
+8 27
cfn=(78) fillin_rpath
calls=3 444 
* 10791 2309 238 49 1
+4 6
cob=(2)
cfi=(16)
cfn=(84)
calls=3 0 
* 21 3 0 3
+3 12 3
+7 3
+2 3
+1 3
+1 24

fn=(136)
2040 120
+1 15
+6 15
-6 15
+6 15 15
+5 135
+52 15
-59 15
-1 15
+60 15
-52 120
+74 60
-62 15
-9 15
+9 30 15
-9 15
+9 15 15
+7 120
cfi=(25)
cfn=(70)
calls=30 61 
* 1288 272 38
+1 30
-1 30
+1 150 30
+20 64 32 2
-20 448 114 4
+3 240 120 11
+5 108
-1 54
+1 108
-1 162
cfi=(25)
cfn=(70)
calls=54 61 
* 988 324 55
* 216
cfi=(25)
cfn=(70)
calls=54 61 
* 1394 333 82
-1 54
+7 54
-7 54
+7 54 54
+3 486
cfn=(110)
calls=54 1717 
* 3978 600 64
* 54
+2 270 54 11
+26 88
+2 62 28 6
+25 18
cfi=(17)
cfn=(40)
calls=6 94 
* 174 18 0 6
* 6 0 0 6
* 6
+1 12
-1 6
+1 6 6
+2 30
cfi=(18)
cfn=(46)
calls=6 61 
* 302 69 27
+1 12
+34 48
-24 168 72
+7 24
-2 24
+2 72 24 13
+3 27 9
+14 9
-27 9
+27 63
-84 64 32
+1 288 32
+6 32
+2 32
-2 32
+2 64
-2 32
+2 32
cfi=(41)
cfn=(138)
calls=32 34 
* 392 64 10
* 64 32 2
+1 8
+2 8
-2 8
+2 56
+7 24
-7 24
+7 72
-30 24
+23 48

fn=(116)
893 121
+10 11
-10 11
+10 11
-10 33
+10 11
cfi=(29)
cfn=(88)
calls=11 50 
* 88 33 21
fi=(35) /build/glibc-S7Ft5T/glibc-2.23/elf/../sysdeps/posix/dl-fileid.h
37 33
fe=(22)
903 11
fi=(35)
37 11
cfi=(36)
cfn=(120)
calls=11 -3 
* 110 22
* 22 11
+4 11
fe=(22)
919 11
fi=(35)
40 11
+1 11
fe=(22)
919 308 88 13
+1 154 77
fi=(35)
49 264 132 8
fe=(22)
1465 88
937 22 11
+24 22 11
+10 22 11 9
+22 44 11
+32 22 11
904 11
1028 77
cfi=(15) /build/glibc-S7Ft5T/glibc-2.23/elf/dl-object.c
cfn=(32) _dl_new_object
calls=11 61 
* 4641 662 207 55
+1 11
-1 11
+1 11 11
+11 22
+1 11
-1 11
+2 11
-1 11
+4 11
-1 22
-2 11
+2 22
+1 33 11
+1 11
+19 11
-2 11
+10 11
-8 66
+8 11
-8 33
+8 11 11
+87 11
+8 11
-8 44
+8 11
-8 33
-86 151 70 16
-1 720 90 8
+1 514 256 57
+6 22
+1 33
+1 11
+9 150 30 2
+5 240 30
+9 90
-1 90
+1 30
+1 60
+2 30
-2 30
+1 30
-1 30
+3 30
+4 30
-7 30
+2 30
+1 30
+4 30 30 13
+1 114
+4 57
-14 19
+14 114
+11 19
-11 33
-14 11
+14 66
+11 11
-44 4
+1 2
+46 6 2
+4 2
+1 2
+1 2
-1 4
+1 2 2
+3 6
+1 2
+3 2
-3 2
+7 8 2
+6 2
cfi=(30)
cfn=(148)
calls=2 49 
* 16 2
* 4
+1 2
+59 20
+1 30
+1 10
-6 22
+1 11
+8 33 11
1041 11
1229 11
1041 11
1229 11 11
+10 33
fi=(38) /build/glibc-S7Ft5T/glibc-2.23/elf/./dl-map-segments.h
56 22
fe=(22)
1239 33
fi=(38)
56 11
fe=(22)
1239 11
fi=(38)
56 11
fe=(22)
1239 22
fi=(38)
56 66
cfi=(37)
cfn=(122)
calls=11 -23 
* 383 43 14
+4 11
-4 11
+4 22 11
+3 22
+1 11
+2 11
-2 11
-1 11
+3 11 11 2
+10 22
fi=(39) /build/glibc-S7Ft5T/glibc-2.23/elf/./dl-load.h
+14 60 30 7
+1 33
+2 60 30 5
fi=(38)
+7 120 30 13
+6 11
+2 11
-2 11
+1 11
+2 11
-1 11
+1 11
-1 33
+8 22 11 2
+17 22 11 3
+12 30
-59 150 30 7
+2 38
+2 19
-2 38 19 1
+2 190
cfi=(37)
cfn=(122)
calls=19 -57 
* 589 38 2
* 57 19 7
fe=(22)
1251 44 11 2
+9 22
fi=(3) /build/glibc-S7Ft5T/glibc-2.23/elf/get-dynamic-info.h
39 11
fe=(22)
1260 11
fi=(3)
39 11 11
+6 11
-2 11
+2 22 11
+15 11
+5 11
+3 11
-1 11
-3 11
-3 266
+10 61
-26 183 61 11
+16 230
+10 230
-26 690 230
+26 11
-26 33 11
+2 604 302 50
+13 288 72 15
+2 44 11 2
+3 44 11 2
+13 22 11
+20 38 11 5
+1 44 11
+1 44 11
+1 44 11
+2 44 11
+5 43 11 1
+1 43 11 1
+1 44 11
+6 33 11 1
+5 20 10
+7 22 11
+1 33 11
+16 33 11 6
+5 3
+2 3
-2 3
+2 3 3 2
+2 6 3 2
+2 6 3
+3 33 11 7
+10 4
-8 16
+8 4 4
+5 8 4
+3 22 11 6
fe=(22)
1267 22 11 7
+15 33 11
+19 22
+2 55 11
+54 33 11 10
+1 4
+3 4
cfi=(24)
cfn=(130)
calls=2 84 
* 10 2
* 18
cfi=(24)
cfn=(130)
calls=9 84 
* 45 9
* 22 11
+9 22 11
+2 33
+2 11
-2 11
+2 11 11
+16 22
cfi=(6)
cfn=(10)
calls=11 956 
* 253 22
+4 22 11
+1 22 11 5
+1 8 2
+4 4
+4 4
-3 2
+3 6
cfi=(44)
cfn=(150)
calls=2 45 
* 134 12 10 2 1
+4 6
+4 22 11 2
+9 11
-5 33
+5 11 11
+10 22 11
+10 33
cfi=(15)
cfn=(48) _dl_add_to_namespace_list
calls=11 32 
* 649 88 38 22
+4 44 11 6
fi=(3)
68 44 11
+2 55
fe=(22)
1413 4
fi=(38)
119 22 11
+8 88
cfi=(26)
cfn=(72)
calls=11 -74 
* 949 132 29
* 44
-54 40
-1 60
cfi=(43)
cfn=(146)
calls=10 +12 
* 50 10
* 10
fi=(39)
+22 45 9 2
+1 99 9
+3 36
fi=(38)
+39 27
cfi=(37)
cfn=(122)
calls=3 33 
* 93 6
+3 9 3 3
fe=(22)
1255 14

fn=(78)
444 28
+2 4
-2 36
+4 12
cfi=(17)
cfn=(80) strsep
calls=4 -94 
* 2209 618 32
* 36
cfi=(17)
cfn=(80)
calls=12 -94 
* 3423 928 24
* 48 16 3
+7 24 12 3
+35 240 80 11
+1 164 72 19
cfi=(14) /build/glibc-S7Ft5T/glibc-2.23/string/../sysdeps/x86_64/multiarch/../memcmp.S
cfn=(30) bcmp
calls=5 24 
* 271 76 16
* 10 5 1
+7 8 4 1
+1 14 4
-1 12 4 1
+48 24
+2 24
cob=(2)
cfi=(16)
cfn=(84)
calls=12 0 
* 166 24 5 12 1
* 12
-39 32 8
cfi=(11)
cfn=(22)
calls=8 66 
* 236 22
* 16
+4 16
-1 32
cfi=(17)
cfn=(40)
calls=8 94 
* 232 24 2 8
* 8 0 0 8
+3 8
-3 8
+3 16 8
+5 8
+1 16
-2 8
+2 8
cfi=(25)
cfn=(70)
calls=8 61 
* 376 86 26
+3 8
-3 8
+1 8
+2 8 8 6
+1 2
+5 4
+1 2
-1 4
+1 4 2
-1 12
+1 6
-1 12
+1 100 14
+1 88 32 6
-1 16 8 4
+3 16
+1 24 8
+1 40
cfi=(18)
cfn=(46)
calls=8 61 
* 368 84 19
* 8
+6 8
+1 8
-1 16
383 36
cfi=(28)
cfn=(82)
calls=12 24 
* 564 36 5
* 24 12 2
+4 24
cfi=(27)
cfn=(76)
calls=12 40 
* 1715 225 62 24
* 12
+74 24 12 1
+5 24
cfi=(11)
cfn=(22)
calls=12 66 
* 434 37 10
+1 24 12
+7 72 24
+9 12
-4 36
+4 24 12 3
+69 4
+3 36
-24 16
-57 24

fn=(64) _dl_init_paths
689 1
+13 2
-13 8
+13 3
cfi=(23)
cfn=(66)
calls=1 39 
* 398 61 32 2
+5 1
-5 1
+5 1
cfi=(17)
cfn=(40)
calls=1 94 
* 29 3 1 1
* 1 0 0 1
+1 1
-2 1
+2 2 1
+8 1
-1 1
+1 3
-1 3
+4 4
cfi=(17)
cfn=(40)
calls=1 94 
* 29 3 1 1
* 1 0 0 1
+2 1
-2 1
+2 1 1
+17 2
+9 2
-19 1
+11 1
-1 1
+3 1
+1 1
-15 2
+23 1
-9 1
+9 5
-3 17 1
cfi=(26)
cfn=(72)
calls=4 53 
* 60 12 6
+3 27 4 1
-14 3
+2 3
+1 3
+2 6
-3 3
+4 9
+4 3
-3 3
+3 3 3
+1 3
-4 9
+4 3 3 3
+14 1
-11 1
+6 1
+1 1
+5 1
-12 1
+12 1 1
+2 4 1
+2 3 1 1
+38 5 2
+6 3
cfi=(28)
cfn=(82)
calls=1 24 
* 47 3 2
* 2 1
+2 3
cfi=(11)
cfn=(22)
calls=1 66 
* 34 3 1
* 8
cfi=(18)
cfn=(46)
calls=1 61 
* 40 7
* 1
+17 277 31 10
+5 1
cfi=(17)
cfn=(40)
calls=1 94 
* 29 3 1 1
* 1 0 0 1
+1 1
-2 1
+2 1 1
+6 9
cfn=(78)
calls=1 444 
* 869 208 24 3
+4 5 1
+6 1
+4 8
-70 1
-2 1
+2 2 1
+5 1
-1 6
cfn=(74)
calls=1 562 
* 2547 452 98 15 1
+7 2

fn=(110)
1717 649
+39 59
-39 177
+39 234 117 17
+31 236
cfi=(24)
cfn=(112)
calls=59 84 
* 487 59 12
+2 59
-2 59
+2 70 59 6
+10 11
+1 22
+5 88
cfi=(24)
cfn=(114) read
calls=11 84 
* 55 11 1
+2 22 11
+2 11
+2 11
-2 22
+2 11 11
+6 22 11
+16 44
cfi=(14)
cfn=(30)
calls=11 24 
* 282 99 22
* 99 22 2
cfi=(14)
cfn=(30)
calls=11 24 
* 396 132 5
* 22 11
+74 22 11
+5 22 11
+2 44 11
+6 22 11
+11 22 11
+6 11
+1 11
-1 44
+1 11
-1 11
+1 22 11
+1 33
+20 639 84 7
+2 209 99 27
+4 44 11
+1 33
+12 77
+4 33 11 6
+5 4
+1 4
-13 16
cfi=(14)
cfn=(30)
calls=4 24 
* 100 32 11
* 44
cfi=(14)
cfn=(30)
calls=11 24 
* 330 88 12
* 30 15 2
+16 8 4
+3 28
+3 12 4
+1 20 8
-39 11
+67 136
-23 48
+23 336
1826 14
+7 8
cfi=(14)
cfn=(30)
calls=2 24 
* 48 18 7
* 4 2 2

fl=(46) /build/glibc-S7Ft5T/glibc-2.23/elf/dl-version.c
fn=(164) match_symbol
76 671
+9 61
-8 61
-1 122
+1 61
+8 61 61
+6 183 61
+15 61
+1 122 61
+2 61
+5 122 61
+14 1006 503 67
+12 1326 442 2
+4 442
-30 884 442 7
+19 305
cfi=(19)
cfn=(54)
calls=61 +11 
* 2349 273 65 20 17
* 122 61
+35 488

fn=(162) _dl_check_map_versions
189 39 13 1
-15 117
+17 13
+3 39
-3 13
+2 13
+1 13
+2 13
-3 13
+3 13 13 2
+3 22
+4 11
-4 11
+4 44 11
+17 11
56 22
220 11
56 55 11 6
220 11
56 22
220 11
56 55 11 5
+1 198
-1 396 198
+2 660
cfi=(34)
cfn=(108)
calls=220 288 
* 20822 2650 260 151 57
* 462 220 10
228 66 22
+5 176
+19 39
-15 680 61 13
cfn=(164)
calls=1 76 
* 75 12 3
* 240
cfn=(164)
calls=60 76 
* 8433 1953 138 20 17
* 61
+7 366
+3 183 61 29
+9 132 22 12
+5 33
+1 11
+8 22 11 4
+3 36
+10 84
-7 336
+3 252 84 28
-3 36
+3 27 9 5
+8 36 12 7
+87 8
-81 48
cfi=(17)
cfn=(36)
calls=12 103 
* 507 52 13 24
* 12 0 0 12
+1 12
-2 12
+2 12 12 1
+11 12
+2 12
-5 12
+3 12
+2 12
-2 12
+2 12 12 1
+3 44
+4 66
+18 39
-15 117
+2 117 39
-2 66
+2 66 22 4
+2 61
+1 61
-1 122
+1 61
-1 61
+1 61
+1 61
-2 61
+2 122
+1 183
+3 183 61 29
+8 66 22 8
+5 11
+1 11
+4 36 12 4
+3 36
+20 84
-14 186 93 2
-2 84
+7 168
+1 84
-1 252
+1 84
-1 84
+1 84
+1 84
+3 279 93 20
+10 108
183 2
-8 2
+95 4 2 1
-80 2

fn=(160) _dl_check_all_versions
380 5
+4 7 1
+2 91 13 1
cfn=(162)
calls=13 189 
* 38432 5794 606 207 74
-2 13
+2 39
-1 13
-1 26 13 7
+5 7

fl=(73)
fn=(268)
71 15
+3 15
+2 15
+8 15
+6 15
+1 15
+1 15
+1 15
+1 15
+1 15
+1 15
+4 15
+1 15
+3 15
+1 15
+2 15
+1 15
+1 15
+1 15
+1 15
+1 15
+2 15
+13 15
+1 15
+1 15
cfi=(74)
cfn=(270)
calls=15 -63 
* 26585 4047 186 54 21
+1 15
+5 15
+1 15
+1 15
+2 15
+1 15
+1 15
+1 15
+1 15
+1 15
+1 15
+2 15
+2 15
+4 15
+3 15 0 0 15 15

fl=(11)
fn=(22)
66 79
+1 79
+1 79
+1 79
+1 79
+1 79
+1 79
+2 79
+2 79 79 1
+30 78
+1 78
+1 78
+1 78
+1 78 78 40
+1 17
+1 17
+4 61
+1 61
+1 61
+1 61
+1 61
+1 61
+1 61
+1 61
+1 61
+1 61
+1 61
+1 61
+5 470 61 9
+4 1
+1 14
+1 8 1
+65 10
+1 10
+1 10
+1 10
+1 10
+1 10
+1 10
+1 10 10 4
+2 6
+2 6
+1 6
+1 6
+1 6
+1 6
+1 6
+1 6
+1 6 6 5
+1 1
+4 4
+2 4
+1 56
+2 4
+1 4
+1 4
+1 4
-6 5
+1 70
+2 5
+1 5
+1 5
+1 5

fl=(1) ???
fn=(0) 0x0000000000000c30
0 2
cfi=(2)
cfn=(2) _dl_start
calls=1 353 
0 602594 112938 5445 1267 380
0 14
cfi=(68) /build/glibc-S7Ft5T/glibc-2.23/elf/dl-init.c
cfn=(248) _dl_init
calls=1 80 
0 11636 1836 223 56 45
0 3 0 0 1 1
cob=(14)
cfi=(102)
cfn=(460) (below main)
calls=1 0 
0 112610 22605 3469 309 149

fl=(19)
fn=(54)
144 2686
+1 2686
+2 2686
+1 2686
+21 2686
+1 2686 2686 533
+1 2180
+1 2180 2180 136
+1 1965
+1 1965
+1 1965
+1 1965
+21 1965
+1 1965
+1 1965
+1 1965
+1 1965
+1 1965
+1 1965 1965 108
+5 26
+1 26
+9 26
+1 26
+1 26
+1 26
+1 26
+1 26
+1 26
+1 26 26 1
-7 721
+1 721
+1 721
+1 721
+1 721
+1 721
+1 721
+1 721 721 21
+1 726 726 203
+1 328
+1 328
+1 328
+2 328
+1 328
+1 328
+1 328
+1 328
+1 328 0 0 328 163
-5 398
+1 398
+1 398
+1 398
+1 398
+1 398 0 0 398 170
+10 21
+1 21
+1 21
+2 21
+6 21
+1 21
+1 21
+1 21
+1 21
+5 21 21 12
+2 6
+1 6
+1 12
+8 6
+1 6
+3 6
+1 6
+1 6
+1 6
+1 6
+1 6 6 5
447 25
+1 25
+1 25
+1 25
+1 25
+2 25
+1 25
+1 25
+1 25
+1 25
+1 25
+1 25 25 3
+1 13
+3 13
+1 13
+1 13
+6 13
+1 13
+1 26
+4 13
+1 13 13
+3 13
+1 13
+1 13
+3 13
+1 13
+1 13
+6 13
+1 13
+1 13
+1 13
+1 13
+1 13 13 1
696 2
+1 2
+1 2
+1 2
+1 2
+2 2
+1 2
+1 2
+1 2
+1 2
+1 2
+1 2 2
+1 2
+4 2
+1 2
+1 2
+6 2
+1 2
+1 4
+4 2
+1 2 2
+3 2
+1 2
+1 2
+3 2
+1 2
+1 2
+6 2
+1 2
+1 2
+1 2
+1 2
+1 2 2 1
+72 7
+1 7
+1 7
+1 7
+1 7
+2 7
+1 7
+1 7
+1 7
+1 7
+1 7
+1 7 7 1
+1 6
+4 6
+1 6
+1 6
+6 6
+1 6
+1 12
+4 6
+1 6 6
+3 6
+1 6
+1 6
+3 6
+1 6
+1 6
+6 6
+1 6
+1 6
+1 6
+1 6
+1 6 6 1
+72 18
+1 18
+1 18
+1 18
+1 18
+2 18
+1 18
+1 18
+1 18
+1 18
+1 18
+1 18 18 4
+1 2
+4 2
+1 2
+1 2
+6 2
+1 2
+1 4
+4 2
+1 2 2
+3 2
+1 2
+1 2
+3 2
+1 2
+1 2
+6 2
+1 2
+1 2
+1 2
+1 2
+1 2 2 1
+72 10
+1 10
+1 10
+1 10
+1 10
+2 10
+1 10
+1 10
+1 10
+1 10
+1 10
+1 10 10 4
+1 7
+4 7
+1 7
+1 7
+6 7
+1 7
+1 14
+4 7
+1 7 7
+3 7
+1 7
+1 7
+3 7
+1 7
+1 7
+6 7
+1 7
+1 7
+1 7
+1 7
+1 7 7 4
+7 1
+1 1
+2 1
+1 1 1
+2 1
+1 1
+1 1
+3 1
+1 1
+1 1
+6 1
+1 1
+1 1
+1 1
+1 1
+1 1 1 1
+41 44
+1 44
+1 44
+1 44
+1 44
+2 44
+1 44
+1 44
+1 44
+1 44
+1 44
+1 44 44 9
+1 12
+4 12
+1 12
+1 12
+6 12
+1 12
+1 24
+4 12
+1 12 12
+3 12
+1 12
+1 12
+3 12
+1 12
+1 12
+6 12
+1 12
+1 12
+1 12
+1 12
+1 12 12 6
+72 82
+1 82
+1 82
+1 82
+1 82
+2 82
+1 82
+1 82
+1 82
+1 82
+1 82
+1 82 82 15
+1 19
+4 19
+1 19
+1 19
+6 19
+1 19
+1 38
+4 19
+1 19 19
+3 19
+1 19
+1 19
+3 19
+1 19
+1 19
+6 19
+1 19
+1 19
+1 19
+1 19
+1 19 19 3
+72 99
+1 99
+1 99
+1 99
+1 99
+2 99
+1 99
+1 99
+1 99
+1 99
+1 99
+1 99 99 29
+1 10
+4 10
+1 10
+1 10
+6 10
+1 10
+1 20
+4 10
+1 10 10
+3 10
+1 10
+1 10
+3 10
+1 10
+1 10
+6 10
+1 10
+1 10
+1 10
+1 10
+1 10 10 5
+72 41
+1 41
+1 41
+1 41
+1 41
+2 41
+1 41
+1 41
+1 41
+1 41
+1 41
+1 41 41 10
+1 9
+4 9
+1 9
+1 9
+6 9
+1 9
+1 18
+4 9
+1 9 9
+3 9
+1 9
+1 9
+3 9
+1 9
+1 9
+6 9
+1 9
+1 9
+1 9
+1 9
+1 9 9 3
+72 37
+1 37
+1 37
+1 37
+1 37
+2 37
+1 37
+1 37
+1 37
+1 37
+1 37
+1 37 37 7
+1 6
+4 6
+1 6
+1 6
+6 6
+1 6
+1 12
+4 6
+1 6 6
+3 6
+1 6
+1 6
+3 6
+1 6
+1 6
+6 6
+1 6
+1 6
+1 6
+1 6
+1 6 6 2
+72 160
+1 160
+1 160
+1 160
+1 160
+2 160
+1 160
+1 160
+1 160
+1 160
+1 160
+1 160 160 19
+1 14
+4 14
+1 14
+1 14
+6 14
+1 14
+1 28
+4 14
+1 14 14
+3 14
+1 14
+1 14
+3 14
+1 14
+1 14
+6 14
+1 14
+1 14
+1 14
+1 14
+1 14 14 5
+7 1
+1 1
+2 1
+1 1 1
+2 1
+1 1
+1 1
+3 1
+1 1
+1 1
+6 1
+1 1
+1 1
+1 1
+1 1
+1 1 1 1
+41 94
+1 94
+1 94
+1 94
+1 94
+2 94
+1 94
+1 94
+1 94
+1 94
+1 94
+1 94 94 18
+1 8
+4 8
+1 8
+1 8
+6 8
+1 8
+1 16
+4 8
+1 8 8
+3 8
+1 8
+1 8
+3 8
+1 8
+1 8
+6 8
+1 8
+1 8
+1 8
+1 8
+1 8 8 4
+72 107
+1 107
+1 107
+1 107
+1 107
+2 107
+1 107
+1 107
+1 107
+1 107
+1 107
+1 107 107 20
+2 22
+4 22
+1 22
+1 22
+6 22
+1 22
+2 44
+4 22
+1 22 22
+3 22
+1 22
+1 22
+3 22
+1 22
+1 22
+6 22
+1 22
+1 22
+1 22
+1 22
+1 22 22 3
+74 136
+2 136
+1 136
+1 136
+1 136 136 23
-3 611
+1 611
+1 611
+1 611 611 42
+1 984
+5 328
+6 328
+1 328
+8 328
+1 328
-16 2358
+6 2358
+1 2358
+8 2358
+1 2358

fl=(9)
fn=(16)
31 7 1
+8 1
-6 2 1
+7 1

fl=(24)
fn=(68)
84 24 6 5
+2 30

fn=(114)
84 44 11 1
+1 11

fn=(112)
84 240 60 12
+1 12
+1 240

fn=(130)
84 48 12
+1 12

fl=(32)
fn=(156) _dl_receive_error
205 10
+1 1 0 0 1 1
cfi=(2)
cfn=(100)
calls=1 664 
* 2
+5 1
-1 1
-4 1
+9 1
+2 1
-3 1
+3 1 0 0 1 1
cfi=(2)
cfn=(158) version_check_doit
calls=1 529 
* 38643 5822 615 207 74
+2 1
+1 1
+1 8

fn=(98)
163 62
+15 31
-3 62
+1 62
-13 62
+14 62
+1 31
+2 31 0 0 31 1
cfi=(2)
cfn=(100)
calls=31 664 
* 62
+2 31
-1 31
+4 31
-3 62
+3 31
-4 31
+4 31
cfi=(33)
cfn=(102)
calls=31 26 
* 620
* 93 31
+2 93 0 0 31 2
cfi=(40)
cfn=(134)
calls=30 60 
* 88973 14747 1966 404 160
cfi=(2)
cfn=(104) map_doit
calls=1 496 
* 2931 447 164 13 1
+1 62
+2 31
+1 31
-3 31
+1 62
+1 31
+9 31
-8 31
+8 93

fl=(15)
fn=(32)
61 168
+1 12
cfi=(11)
cfn=(22)
calls=12 +4 
* 298 30 9
+6 12
-6 24
+6 24 12 5
+7 48
cfi=(17)
cfn=(36)
calls=12 +28 
* 615 60 20 24 2
* 12 0 0 12 1
+3 12
-3 12
+3 12 12
+4 12
+5 24
-6 12
+6 12
-5 12
+3 24
+2 12
cfi=(18)
cfn=(46)
calls=12 -26 
* 356 83 39
+10 12
-10 12
+10 12
-8 12
+9 24
-1 36
+1 36
+3 12
-4 12
+1 12
+3 12 12 11
+9 12
-7 12
+4 12
+3 18 12 10
+2 2
-2 2 1 1
+2 30
-2 30 15 9
+12 12
+6 12
-5 12
-1 12
+6 60 12 1
+2 11
+3 11
-3 11
+3 11 11
-3 24
+7 39 13 2
+4 22 11 7
+2 5 1
+6 1
+6 1
-3 2
+3 13 1 1
-3 22
+3 22 11
+2 33
cfi=(11)
cfn=(22)
calls=11 -91 
* 408 35 11
+4 11
-4 44
+4 33 11
+64 22
+4 96
68 120
+34 35
+39 44 11 6
+70 33
cfi=(25)
cfn=(70)
calls=11 61 
* 498 116 35
* 183
+6 172
-1 172
+1 183 172 47
-1 11
+1 33 11 11
+5 22
-89 2 1 1
+32 22
cfi=(17)
cfn=(40)
calls=11 -71 
* 319 33 3 11
* 11 0 0 11
+1 11
-1 11
+1 33 11
+2 1
-35 2

fn=(48)
32 60
+2 24 0 0 12 1
cfi=(2)
cfn=(50) rtld_lock_default_lock_recursive
calls=12 704 
* 24
+2 12
-2 12
+2 127 12 6
+3 231 77 32
+2 11
+2 11
+4 11
+4 11
-4 22
+1 11
+4 22
-4 11
+1 11
+3 11
-3 11
+2 11 0 0 11
cfi=(2)
cfn=(52) rtld_lock_default_unlock_recursive
calls=11 710 
* 22
-4 1
+4 1
-4 2
+1 1
+4 2
-4 1
+1 1
+3 1
-3 1
+2 1 0 0 1 1
cfi=(2)
cfn=(52)
calls=1 710 
* 2
-5 2

fl=(17)
fn=(86)
120 15
+2 45 15 4
+7 22
-3 20
cfi=(26)
cfn=(72)
calls=4 -73 
* 58 12 1
+1 4
+2 8

fn=(80)
354 32 16
+2 16
+1 32 16 4
+4 1032 12
+7 1524 508 12
-2 1032 516 25
+6 16
+7 8
+4 8
-4 4
+4 8
-7 478
-15 1442 478 15

fn=(44)
52 273
+1 363 91 1
+11 270
+3 90
-3 90
+3 180 90 7
-3 3
+3 1
-3 1
+3 338 85 34
+4 28
+1 14 7
+6 56
cfi=(37)
cfn=(122)
calls=7 -45 
* 231 21 14
+2 35 7
+4 21
+3 7
+1 7
+2 35
-3 84
+1 84
+2 420
-31 2
-1 5

fn=(36)
103 26
+8 78
-4 26
+4 52 26 14
+3 26
cfn=(40)
calls=26 -20 
* 1015 98 25 26 1
* 26 0 0 26 1

fn=(40)
94 90
+1 180
cfn=(44)
calls=90 -43 
* 2562 294 52
* 90 0 0 90 1

fl=(117) /build/glibc-S7Ft5T/glibc-2.23/elf/dl-open.c
fn=(530) _dl_find_dso_for_object
182 5 1
+1 4 1
+1 40 20 5
+1 2 1 1
+3 2 1
+4 1
-9 27 9 4

fl=(68)
fn=(250) call_init.part.0
28 65
+8 13
+3 13
-3 26
+3 39 13 1
+5 84 12 1
+5 22 11
+9 66 0 0 11 11
cob=(2)
cfi=(16)
cfn=(446)
calls=1 -58 
* 6 1 1
cob=(2)
cfi=(16)
cfn=(434)
calls=1 -58 
* 6 1
cob=(2)
cfi=(16)
cfn=(422)
calls=1 -58 
* 6 1 1
cob=(2)
cfi=(16)
cfn=(410)
calls=1 -58 
* 6 1 1
cob=(2)
cfi=(16)
cfn=(398)
calls=1 -58 
* 6 1 1
cob=(2)
cfi=(16)
cfn=(386)
calls=1 -58 
* 6 1 1
cob=(2)
cfi=(16)
cfn=(358)
calls=1 -58 
* 2586 458 32 7 5
cob=(2)
cfi=(16)
cfn=(344)
calls=1 -58 
* 6 1
cob=(2)
cfi=(16)
cfn=(328)
calls=1 -58 
* 10 1 1
cob=(3)
cfi=(81) /build/glibc-S7Ft5T/glibc-2.23/csu/../csu/init-first.c
cfn=(306) _init
calls=1 -6 
* 176 15 8
cob=(2)
cfi=(16)
cfn=(252)
calls=1 -58 
* 6621 961 82 24 15
* 11
+4 22 11 1
+6 11
+2 22
-2 22
+3 55 11 1
+1 44 0 0 11 11
cob=(13)
cfi=(101)
cfn=(450) 0x0000000000001120
calls=1 -72 
* 17 2 1
cob=(4)
cfi=(100)
cfn=(438)
calls=1 -72 
* 17 2 1
cob=(12)
cfi=(99)
cfn=(426) 0x0000000000012bd0
calls=1 -72 
* 17 2 1
cob=(11)
cfi=(98)
cfn=(414) 0x000000000000ce30
calls=1 -72 
* 17 2 1
cob=(10)
cfi=(97)
cfn=(402) 0x0000000000003920
calls=1 -72 
* 17 2 1
cob=(9)
cfi=(96)
cfn=(390) 0x000000000001d9f0
calls=1 -72 
* 17 2 1
cob=(8)
cfi=(93)
cfn=(378)
calls=1 -72 
* 17 2 1
cob=(7)
cfi=(91)
cfn=(348)
calls=1 -72 
* 17 2 1
cob=(6)
cfi=(90)
cfn=(336) 0x0000000000002930
calls=1 -72 
* 17 2 1
cob=(3)
cfi=(87) /build/glibc-S7Ft5T/glibc-2.23/string/../sysdeps/x86_64/cacheinfo.c
cfn=(318) init_cacheinfo
calls=1 482 
* 1161 268 69
cob=(5)
cfi=(79)
cfn=(296)
calls=1 -72 
* 17 2 1
* 12 0 0 3 3
cob=(7)
cfi=(92)
cfn=(356)
calls=1 -43 
* 3
cob=(3)
cfi=(89) /build/glibc-S7Ft5T/glibc-2.23/elf/dl-altinit.c
cfn=(326) dlinit_alt
calls=1 -39 
* 4 1 1
cob=(5)
cfi=(80)
cfn=(304)
calls=1 -7 
* 9 1
* 14
-1 28 14 3
+3 78
-29 3 1 1
-5 3 1

fn=(248)
80 11
+1 1
+1 1
+3 3 1
+8 2 1 1
+1 2
+25 42 14 3
+1 39
-90 74 13 2
cfn=(250)
calls=12 -2 
* 4728 835 132 29 27
* 12
+96 8
-96 2 1 1
+58 2
+16 1
cfn=(250)
calls=1 -76 
* 6707 971 84 27 18
* 1

fl=(2)
fn=(26)
790 1
+19 1
-19 7
2390 1
790 3
+19 1
+3 1
-22 1
2385 1
812 1
+4 2
+1 2
+5 2
2383 2
+7 4
-4 1
+4 8
+2 2
cfi=(13)
cfn=(28)
calls=1 30 
* 418 142 26
* 4
cfi=(13)
cfn=(28)
calls=2 30 
* 27 7 2
* 9 3 1
+4 50 23 4
+1 19
-1 57 19 10
+3 4 2
+6 14 2 0 2 2
2553 3 1
+30 3 1 1
832 3 1 1
1033 7
cfi=(15)
cfn=(32)
calls=1 61 
* 250 36 22 3 3
+2 1
-2 1
+2 1 1
+1 1
+1 1
+5 2
-5 1
+1 2
+4 1
cfi=(15)
cfn=(48)
calls=1 32 
* 33 1 0 2 2
+1 3 1
799 1
1072 1
-3 1
-5 1
+1 1
+2 1
+5 7 1
+56 5
-55 36 18 6
-1 33 11 1
+1 55 27 11
1175 5 1 1
+3 2 1 1
+2 2 1 1
+2 3 1
+13 3 1
+1 6
cfi=(19)
cfn=(54)
calls=1 144 
* 24 3 1
* 2 1
+7 1
+3 1
-5 1
+3 1
+2 1 1
+1 2
+4 2 1
+2 2 1
fi=(3)
30 1
+9 2 1
+6 1
-2 1
+2 2 1
+15 1
+5 1
+3 1
+2 1
-3 1
-3 1
-3 14
+10 3
-26 9 3 1
+16 28
+10 28
-26 84 28
+26 1
-26 3 1
+2 64 32 10
+13 16 4 3
+2 4 1 1
+16 3 1 1
+38 3 1
+5 2 1
+7 2 1
+1 3 1
+16 3 1 1
+14 3 1 1
+18 2 1 1
fe=(2)
1218 2
cfi=(6)
cfn=(10)
calls=1 956 
* 23 2
+3 2 1
fi=(20) /build/glibc-S7Ft5T/glibc-2.23/elf/setup-vdso.h
24 2 1 1
fe=(2)
1243 1
cfi=(8)
cfn=(60)
calls=1 45 
* 93 16 7
* 8 3 1
-75 2
+1 2
+1 1
-6 2
+1 1
-88 3
+1 1
+50 4
-1 16
+2 8 4 3
+1 1
+3 2
+1 2 1
-1 6
+1 6 3
+1 4
+1 10 5 3
+1 2
-43 1
-2 2
+27 1
-25 2
+7 1
-10 1
+10 1 1 1
-19 3
+1 1
fi=(3)
65 4 1 1
+3 4 1
+2 4
fe=(2)
2480 1
+1 1
-1 2 1
+1 3
cfi=(14)
cfn=(30)
calls=1 24 
* 31 11 4
* 2 1 1
-55 4
cfi=(14)
cfn=(30)
calls=1 24 
* 18 6 1
* 2 1 1
+7 4
cfi=(14)
cfn=(30)
calls=1 24 
* 36 12 2
* 2 1
+2 3
+48 3
1248 2
cfi=(22)
cfn=(64)
calls=1 689 
* 4587 808 181 26 1
+3 3
cfi=(29)
cfn=(88)
calls=1 50 
* 17 3 2
+7 1
-7 1
+2 1
+5 1 1
+3 3
+1 1
+3 1
-3 3
+1 2
+3 1
+5 1
-7 1
+7 1 1
+1 5
+17 2 1
+1 2 1
+5 1
-3 4
+2 2
+1 3
+5 3 1
+1 5 1
+2 2
+1 2
+5 2 1 1
+5 1
805 1
1314 2 1
1491 1
cfi=(30)
cfn=(90)
calls=1 115 
* 4 1
* 1
+8 3 1
+3 1
+4 3 1 1
+5 1
+1 1
cfi=(29)
cfn=(92)
calls=1 74 
* 1
+1 1
+4 3 1
+15 3 1
+4 1
-2 1
+2 2 1
+2 3
+1 1
-1 2
+1 1
cfn=(94) handle_ld_preload
calls=1 757 
* 4080 677 179 15 3
* 1
+1 1
+2 6
+10 3
cfi=(24)
cfn=(68)
calls=1 84 
* 9 1 1
* 2 1
+77 1
-96 1
+96 3 1 1
+17 3
+1 1
-1 1
+1 2
-1 1
+1 5
cfi=(40)
cfn=(132)
calls=1 161 
* 100355 16890 2295 490 162
+1 1
+2 2
+3 1
-3 3
+3 1
-3 1
+3 3 1
+1 4
-1 2 1 1
+1 48
-1 24 12 9
+4 3
+1 3 1
+1 1
+2 2 1
+1 6 1
-1 12 1
+1 26 9 1
-1 24 8 5
-3 1
+16 1
+1 2
-1 1
+1 1 1
+2 1
+2 4 1
+2 1
-4 1
+5 1
-1 2 1 1
+14 2 1
+1 2
+1 3 1
+2 2 1
+1 1
-28 1
+28 1
+8 1
+2 1
-2 1
+2 2
-1 1
+1 1
-2 3
+2 1
cfi=(32)
cfn=(156)
calls=1 205 
* 38673 5822 615 209 76
+10 1
+1 1
-1 1
+1 1 1
+1 1
cfn=(166) init_tls
calls=1 589 
* 761 352 40 7
* 1
+2 2 1
719 1
+2 3
fi=(172) /build/glibc-S7Ft5T/glibc-2.23/elf/../sysdeps/unix/sysv/linux/dl-osinfo.h
77 1
fe=(2)
730 1
+7 1
-5 1
1729 3 1 1
1959 3 1 1
2080 3
+7 1
+2 3
+19 1
-19 4
+2 1
+2 39
+5 26
+2 26 13 1
+6 13
+2 26 13 1
+1 96
cfi=(47)
cfn=(172)
calls=12 149 
* 443761 86437 1786 480 113
+4 43 15 7
-22 28 14 8
+25 1
+2 5
+6 1
-6 1
+6 1 1 1
+5 4 2 1
+2 1
+5 3
cfi=(30)
cfn=(238)
calls=1 450 
* 213 38 19
+3 2 1 1
+9 3 1
+2 2 1
+15 1
+2 1
-2 2
+3 1
-3 1
+3 1
-3 1
+3 3
cfi=(47)
cfn=(172)
calls=1 149 
* 6146 1043 81 8 2
+1 1
+2 6
+8 1
cfi=(7)
cfn=(240)
calls=1 256 
* 1
+4 3 1
+20 3
cfi=(29)
cfn=(88)
calls=1 50 
* 8 3 3
+1 1
-1 1
+2 1
cfi=(29)
cfn=(92)
calls=1 74 
* 1
+1 1
+4 1
cfi=(42)
cfn=(242) _dl_unload_cache
calls=1 322 
* 15 2 1
+5 8
2114 4
cfi=(30)
cfn=(206)
calls=2 890 
* 40 2
* 2
-12 1
+1 1
-3 2 1 1
-85 1
+11 1
-7 1
-4 1
+4 3
+4 2
+3 1 1 1
1633 5
+1 1
-1 3
+4 3
+1 1
+1 2 1
+1 2 1 1
1237 3

fn=(166)
589 1
+6 1
-6 1
+2 2
+4 1 1
+10 4
cfi=(17)
cfn=(36)
calls=1 103 
* 38 4 1 2
* 1 0 0 1
+11 1
-5 1
-7 1
+6 1
+2 1
-1 1
+5 1 1 1
+2 1
-1 1
+1 28 14 1
+2 26 13 12
+4 2
+2 2
-2 4
-5 26
+9 3 1 1
+3 1
cfi=(30)
cfn=(168)
calls=1 138 
* 104 11 3
+7 1
cfi=(30)
cfn=(170)
calls=1 354 
* 490 305 19 4
+1 1
-1 1
+1 1 1 1
+6 1
+3 1
-3 1
+3 6 1 1
+3 1
+2 1
+1 2

fn=(100)
664 66

fn=(50)
704 24

fn=(2)
353 9
+18 4
fi=(5)
59 1
fe=(2)
371 1
fi=(3)
45 1
fi=(5)
+14 2
fe=(2)
397 1
fi=(3)
45 1
fe=(2)
394 1
fi=(3)
45 1 1
+25 2
-3 1
-7 1
+5 1
+3 1
+2 1
-3 1
-3 1
-3 2
-13 26
+23 13
-26 39 13
+26 1
-26 3 1
+2 36 18 8
+13 20 5 1
+1 16
+10 4
-26 12 4 3
+33 2 1
+20 4 1
+1 4 1
+1 4 1
+1 4 1
+2 4 1
+5 4 1
+1 4 1
+1 4 1
+6 3 1
+5 2 1
+7 3 1
+1 3 1
+8 3 1 1
+2 3 1 1
+3 2 1
+1 2 1
fe=(2)
408 2 1 1
302 1
415 1
302 1
cfi=(6)
cfn=(10)
calls=1 956 
* 23 2
+1 2
+1 2
+1 2
+1 2
+8 1
+9 1
-9 3
+9 1
-6 1
-3 1
+9 1
cfi=(7)
cfn=(12)
calls=1 86 
* 601946 112816 5418 1261 379
* 1
+9 1
+3 4
+4 1
-4 1
+4 1 1
440 9
fi=(3)
62 4 1 1
+3 4 1 1
fe=(2)
413 26 3
fi=(4)
84 1
+27 1
-28 1
+28 2 1
+1 2
fi=(5)
519 2 1
fi=(4)
112 18
fi=(5)
519 18 9
+1 20
fi=(4)
111 20
fi=(5)
520 10
fi=(4)
111 10 10 6
+5 2 1
+8 1
fi=(5)
314 1
fi=(4)
124 2 1
+12 1
+1 3
fi=(5)
268 1
fi=(4)
137 1
fi=(5)
296 1
fi=(4)
137 2
fi=(5)
296 1 1
fi=(4)
136 5
+1 15
fi=(5)
268 5
fi=(4)
137 5
fi=(5)
296 5
fi=(4)
137 10
fi=(5)
296 5 5
+9 12 6
+3 6
-3 12
+3 18 6
+6 36 6 0 6 1
fi=(3)
68 4 1
+2 3
fi=(5)
427 12
fi=(4)
124 19 6 4
fe=(2)

fn=(104)
496 1
+2 1
-2 1
+3 8
cfi=(22)
cfn=(106)
calls=1 2189 
* 2917 447 164 13 1
* 1
+2 2

fn=(94)
757 7
+1 1
-1 1
-75 1
+86 1
-11 1
-75 6
+80 3 1
fi=(31) /build/glibc-S7Ft5T/glibc-2.23/elf/../string/bits/string2.h
961 1
+1 310 103
+1 101
-2 101
+2 101
-2 304 101 5
+2 1
-2 3 1 1
fe=(2)
766 2 1
+10 4 2
108 3 1
779 2 1
677 1
+5 5
-10 1
+4 1
+1 1
+1 1
+2 1
+2 1
cfi=(32)
cfn=(98)
calls=1 163 
* 2993 448 164 15 3
+1 3 1
+13 3
+84 1
-18 3 1
+21 9
-15 4
cfi=(18)
cfn=(46)
calls=1 61 
* 95 16 9
* 1
+1 2

fn=(158)
529 2
+2 4
cfi=(46)
cfn=(160)
calls=1 380 
* 38633 5821 614 207 74
* 2 1 1
+4 2

fn=(52)
710 24

fl=(18)
fn=(46)
61 75
+2 75
+2 75 75 25
+3 67
+1 67 67 35
+2 28
+1 28
+2 28
+1 28
+5 28
+1 28 28 9
-1 39
+1 39 39 17
+2 31
+1 31
+2 31
+1 62
+5 31
+1 31 31 15
-1 36
+1 36 36 21
+2 20
+1 20
+2 20
+1 20
+5 20
+1 20 20 8
-1 47
+1 47 47 24
+2 36
+1 36
+2 36
+1 36
+5 36
+1 36 36 14
-1 31
+1 68 31 14
+5 37
+1 37
+1 37
+1 37
+2 37
+2 37
+1 37
+2 37 37 2
+8 67
+8 41
+6 41
+2 41
+1 41 41 20
+3 11
+1 33
+5 11
+1 11
+2 11
+2 11
+1 11
+2 11 11 5
-8 36
+1 36
+2 36
+2 36
+1 36
+2 58 36 19
+9 11
+1 11 11
-1 30
+1 30 30
+3 41
+1 41
+1 41 41 2
+5 47
+2 47
+1 47
+1 47
+1 47
+2 47
+1 47
+1 47
+1 47
+2 47
+1 47
+2 47 47 17
+2 10
+2 10
+1 10
+1 10
+1 10
+2 10
+1 10
+1 10
+1 10
+2 10
+1 10
+2 14 10 7
+5 2
+6 2
+1 2 2 1
-7 39
+6 39
+1 39 39 16
+2 8

fl=(42)
fn=(140)
185 36
+8 8 4
+3 12 4 1
+45 12 3
+6 8 4
+9 4
+6 8
-6 16
+6 4
cfi=(24)
cfn=(68)
calls=4 84 
* 36 4 3
+19 4
-19 4
+19 566 56
cfn=(144) _dl_cache_libcmp
calls=35 138 
* 2651 740 64
* 157 80 18
-15 16
+15 56 8 2
cfn=(144)
calls=4 138 
* 284 80 10
* 28 8 1
-82 4
cfi=(34)
cfn=(142)
calls=1 45 
* 94 10 3
+8 1
-8 1
+8 4 2
+1 4
cfi=(14)
cfn=(30)
calls=1 24 
* 38 13 3
* 2 1
+7 1
-3 1
+3 3
+3 1
+1 2
-1 1
+1 1 1
+1 4
cfi=(14)
cfn=(30)
calls=1 24 
* 32 10 5
* 2 1 1
+61 84 24 4
+16 8 4
+4 8 4
+8 12
cfi=(11)
cfn=(22)
calls=4 66 
* 136 12 2
* 8
+1 4
-1 16
+1 8
cfi=(18)
cfn=(46)
calls=4 61 
* 257 51 22
+1 8
cfi=(27)
cfn=(76)
calls=4 40 
* 520 66 20 8
+1 32
-31 36 4 2

fn=(144)
138 117
+1 86 43 2
+2 404
+2 202
-2 202 202 21
+2 8 4
+6 4
+2 4
-1 4
-1 4
+1 4
+1 16 4 2
+2 20 4 3
+2 8 4 2
+6 396 198 1
+2 722 198 35
+4 163
+1 163
-29 326 163 8
+32 12
-7 70

fn=(242)
322 4 1 1
-1 1
+3 2
cfi=(43)
cfn=(244) munmap
calls=1 84 
* 5 1
+1 1
+2 2

fl=(14)
fn=(30)
24 49
+1 49 49 2
+1 49
+1 49 49 1
+1 49
+1 49
+1 49
+1 49 49 2
+3 47
+1 47 47 11
+1 17
+1 17
+1 17
+1 17 17
+1 17
+1 17
+1 17 17 1
+2 46
+1 46 46 7
+1 16
+1 16
+1 16
+1 16 16
+1 16
+1 16
+1 16 16
+2 46
+1 46 46 9
+1 17
+1 17
+1 17
+1 17 17 6
+1 5
+1 5
+1 5 5
+2 34
+1 34 34 19
+1 18
+1 18
+1 18
+1 18 18 4
+1 3
+1 3
+1 3 3 1
+2 19
+1 19
+1 19
+1 19
+1 19
+1 19
+1 19 19 7
+1 11
+1 11
+1 11
+1 11
+1 11
+7 12
+2 13
+4 27
+1 27 27 8
+1 2
+1 2
+1 2
+1 2
+1 2
+1 2
+1 2
+1 2
+1 2
+1 2
+1 2
+4 34
+1 34
+13 2
+1 2
+1 2
+2 2
+1 2 2 1
+2 1
+1 1
+1 1
+1 1
+1 1
+1 1 1
+1 1
+1 1
+3 1
+1 1 1
-1 1
+1 1 1 1
+1 1
+1 1 1 1
+8 1
+1 1
+1 1
+1 1 1 1
+2 1
+1 1 1
+1 1
+1 1
+1 1
+1 1
+1 1 1
+1 1
+2 1
+1 1
+1 1
+1 1
+1 1 1
+1 1
+3 1
+1 1
+1 1
+1 1 1 1
+35 2
+1 2
+1 2
+1 2 2 1
+3 1
+1 1
+1 1
+1 1
+1 1 1
+1 1
+2 1
+1 1
+1 1
+1 1
+1 1 1 1
+6 1
+1 1 1 1
+6 1
+1 1
+1 1
+1 1
+1 1
+4 1
+1 1
+1 1
+1 1 1
+1 1
+1 1 1
+2 1
+1 1
+1 1
+1 1
+1 1 1
+1 1
+1 1
+1 1 1
+3 1
+1 1
+1 1
+1 1 1 1
+17 1
+1 1 1 1

fl=(45)
fn=(152)
235 12 0 0 2 1
+77 2
+1 2
+9 2
-7 2
+1 2
+2 2
+1 2
+3 2 2 2
-78 2
+1 2
+1 2
+1 6
+1 2
+79 4

fn=(154)
38 24 0 0 4 1
+77 4
+1 4
+2 4
+4 4
-3 4
+6 8 4 4
-78 4
+3 12
+1 4
+79 8

fl=(10)
fn=(20)
46 2
+16 1
-16 4
+16 1
-16 1
+19 1
-3 1
+3 8 1 1
176 3 1
+1 1
+3 2 1
+1 1
+2 2 1
+1 7
+7 3 1
+4 2
+2 4 1 1
+41 2 1 1
+75 2 1 1
+11 1
+2 1
-1 1
+2 8
-85 4
+1 2 1
+3 1
+2 1
-2 3
+2 2
+3 2 1 1
-50 2 1
+1 1
+6 3 1
+2 1
+3 3 1
+16 2 1
+1 1
+2 2 1 1
+81 2 1
+1 2 1 1
+4 2
30 2
+4 1
-4 1
+5 1
-1 1
+2 1
-1 1
+1 1
-2 1
+1 1
+1 1
+1 1
-7 2
+3 1
+4 1 1
+5 1
+32 2
-32 1
+27 1
+5 1 1
+3 1
+1 7 1 0 1 1
+57 2
-66 2
+44 2 1 1
314 2 1 1

fl=(43)
fn=(146)
84 88 22
+1 22

fn=(244)
84 4 1
+1 1

fl=(21)
fn=(62)
84 4 1
+1 1

fl=(37)
fn=(122)
33 41
-1 410
+1 103 41 16
+1 410 41 3
+2 287
-3 78 29 13

ob=(3)
fl=(110) /build/glibc-S7Ft5T/glibc-2.23/string/../sysdeps/x86_64/multiarch/../strchr.S
fn=(502) __GI_strchr
24 1
+1 1
+1 1
+1 1
+1 1
+1 1
+1 1
+1 1 1
+1 1
+1 1
+1 1
+1 1
+1 1
+1 1
+1 1
+1 1
+1 1 1
+1 1
+4 1
+1 1
+1 1
+1 1
+2 1

fl=(78) /build/glibc-S7Ft5T/glibc-2.23/nptl/register-atfork.c
fn=(292) __register_atfork
85 6
+2 2
-2 1
+2 4 2 2
-41 2
+7 2
+1 3 1
+19 3
+18 1
-17 1
+1 1
+16 2 1
+3 1
+1 1
+1 1
+1 2
+18 2
+1 6 2 1
-13 4 2 2
+2 2
+1 2
-1 1
+1 3

fl=(86) /build/glibc-S7Ft5T/glibc-2.23/ctype/ctype-info.c
fn=(316) __ctype_init
31 5
+2 1
+2 1
-4 1
+4 1
-4 1
+2 3
+2 3

fl=(132) /build/glibc-S7Ft5T/glibc-2.23/libio/fileops.c
fn=(620) _IO_file_stat
1229 2
+1 6
cfi=(136) /build/glibc-S7Ft5T/glibc-2.23/io/../sysdeps/unix/sysv/linux/wordsize-64/fxstat.c
cfn=(608) _fxstat
calls=2 34 
* 20 4

fn=(658) _IO_file_close_it@@GLIBC_2.2.5
160 3 1
-2 2
+9 1
-9 1
+5 5 1
+6 1
+3 1
-3 1
cfi=(131) /build/glibc-S7Ft5T/glibc-2.23/libio/genops.c
cfn=(642) _IO_unsave_markers
calls=1 1049 
* 7 2 2
+3 2 1 1
+4 3 1
+9 5
cfi=(131)
cfn=(622) _IO_setb
calls=1 380 
* 162 32 13 1
+1 2
+3 1
-3 1
+1 3
+2 1
cfi=(131)
cfn=(656) _IO_un_link
calls=1 60 
* 3 1 1
+5 2
-4 1
+1 1
+1 1
+2 1
+1 4
-23 3 0 0 1 1
cfn=(660) _IO_file_close
calls=1 1250 
* 6 1 1
* 2

fn=(958) _IO_file_setbuf@@GLIBC_2.2.5
450 2
+1 1
cfi=(131)
cfn=(960) _IO_default_setbuf
calls=1 +71 
* 51 6 3 1 1
* 2 1
+4 2
-1 2
+2 3
+2 1
+1 2

fn=(614) _IO_file_xsgetn
1360 91
+7 13
-7 13
+7 13 13 4
+11 52 13
+2 39
+1 26 13 6
-1 6
+1 4 2 2
+8 4 2
+13 4 2
+9 6 2
+1 8 2 2
-34 4 2 2
+6 13
+68 13
+1 13
-1 13
+1 65
-70 39
cfi=(122) /build/glibc-S7Ft5T/glibc-2.23/string/../sysdeps/x86_64/multiarch/../memcpy.S
cfn=(548) __GI_memcpy
calls=13 61 
* 527 255 45
+1 26
+30 4
cfi=(131)
cfn=(624) __underflow
calls=2 316 
* 189 35 14 4 2
* 4 2 2
-44 3 1 1
+5 2
cfi=(131)
cfn=(616) _IO_doallocbuf
calls=1 395 
* 268 39 20 3 2
* 1

fn=(640) _IO_file_seekoff@@GLIBC_2.2.5
986 14
+8 4 2 1
+6 8 1
+3 2 1 1
+25 2 1
+89 2
cfi=(131)
cfn=(642)
calls=1 -68 
* 7 2 2
+1 6 0 0 1 1
cfn=(644) _IO_file_seek
calls=1 1223 
* 7 1
+1 2 1
+4 1
-2 1
+3 1
-2 1
+1 3
+1 3
+13 16
1003 2 1
+12 2 1 1
+17 2
+2 1
-2 1
+2 2 1
932 2 1
+2 2
+2 2
+5 3 1 1
+10 2 1
+1 2
+13 2 1
+10 2 1 1

fn=(660)
1250 5 1 1
+1 1

fn=(714) _IO_do_write@@GLIBC_2.2.5
494 21 7 4
+1 1
-3 48
+11 12 6
+7 24 6 2
+8 30 0 0 6 1
cfn=(716) _IO_file_write@@GLIBC_2.2.5
calls=6 1258 
* 264 42 4
* 6
+1 30 12
+6 6
-4 6
+4 6
-4 18
+1 12
+3 6 6 2
-2 6
-29 24
+1 36
+29 12 6 2

fn=(710) _IO_file_xsputn@@GLIBC_2.2.5
1287 22
-1 44 22 4
-6 180
+13 72 18 10
+17 4 1 1
+4 17
+5 68
cfi=(123) /build/glibc-S7Ft5T/glibc-2.23/string/../sysdeps/x86_64/memcpy.S
cfn=(550) __GI_mempcpy
calls=17 61 
* 368 104 36
* 17
+6 17
-1 17
+1 34
+2 34 17 3
+27 36
+1 148
-24 5 0 0 1 1
cfn=(712) _IO_file_overflow@@GLIBC_2.2.5
calls=1 808 
* 461 79 32 3
* 2 1
+6 14
+1 21 7 2
+2 21 7
+11 14 7 2
+1 4
cfi=(131)
cfn=(694) _IO_default_xsputn
calls=1 425 
* 957 212 8 19 1
* 2
-57 51
+1 34 17
+3 51 17
+2 249 81 7
-2 172 75 20
+39 28
-35 6
+11 30 6 2
+17 24 0 0 6 1
cfn=(712)
calls=6 808 
* 696 108 14 6 1
* 12 6 2

fn=(590) _IO_file_init@@GLIBC_2.2.5
144 2
+4 1
-4 2
+5 1
-1 1
+3 1
cfi=(131)
cfn=(592) _IO_link_in
calls=1 -53 
* 115 20 10 2 2
+1 1
+1 4

fn=(600) _IO_file_open
214 6
+3 2 1
+1 6 1
+7 2 1
+3 2
+3 1
-3 1
-1 1
+1 2
+3 1
-3 1
+3 1 1
+10 2
cfi=(131)
cfn=(592)
calls=1 98 
* 4 1 1
+1 1
+1 4

fn=(630) _IO_file_read
1216 4 2
-1 10 2 2
+2 2

fn=(712)
808 78 26
+7 26
-8 130
+8 126 51 2
+35 52 26 2
+3 38 19
+3 57
+1 57 19
+1 76 38 1
+4 19
+1 76
-45 2 1 1
+12 2 1 1
+9 4 1
+8 1
-4 1
+3 2
-2 2
-3 1
+1 2
+5 1
-1 1
+1 3 2
+1 2
+3 14
+12 21
-12 7
cfn=(714)
calls=7 494 
* 568 85 14 6 1
-31 2
cfi=(131)
cfn=(616)
calls=1 395 
* 407 70 27 3
+1 6

fn=(716)
1258 6
-2 36
+2 24 6
+4 12
+1 12 6 2
+10 18 6 2
+3 36
-13 24
cfi=(160) /build/glibc-S7Ft5T/glibc-2.23/io/../sysdeps/unix/syscall-template.S
cfn=(718) write
calls=6 84 
* 42 12
+1 12 6
+5 6
+1 6
-12 30 6

fn=(598) _IO_file_fopen@@GLIBC_2.2.5
249 7
+11 2 1
+2 3 1 1
+25 20 8 3
+41 6
cfn=(600)
calls=1 214 
* 37 5 1
+3 1
-3 1
+3 1 1
+17 3
cfi=(134) /build/glibc-S7Ft5T/glibc-2.23/string/../string/strstr.c
cfn=(602) __GI_strstr
calls=1 53 
* 47 6 2
+1 1
-1 1
+1 1 1 1
-62 6 3
+30 1
+2 2
-53 1
-1 1
-15 2
425 1
-76 1
+76 7
313 3

fn=(666) _IO_file_finish@@GLIBC_2.2.5
200 1
+1 1
-1 1
+1 1 1 1
+6 2
+1 1
-1 1
cfi=(131)
cfn=(668) _IO_default_finish
calls=1 639 
* 19 4 3

fn=(962) _IO_file_sync@@GLIBC_2.2.5
868 1
+5 1
-5 1
+5 3 1 1
+2 1
+1 2 1
+17 2
+4 2

fn=(626) _IO_file_underflow@@GLIBC_2.2.5
539 6 2
+6 6 2
-14 8
+17 4 2
+13 4 2 2
+20 4
cfi=(131)
cfn=(628) _IO_switch_to_get_mode
calls=2 176 
* 40 6 2
+6 2
+5 8
-5 4
+1 2
+2 2
-1 4
+3 2 0 0 2 1
cfn=(630)
calls=2 1216 
* 16 4 2
+2 4 2
+16 2
-9 2
+9 4 2 1
+1 2
+1 2
+1 4
-1 2
+1 4

fn=(644)
1223 2
cfi=(143) /build/glibc-S7Ft5T/glibc-2.23/misc/../sysdeps/unix/syscall-template.S
cfn=(646) lseek
calls=1 84 
* 5 1

fl=(144) /build/glibc-S7Ft5T/glibc-2.23/libio/ftello.c
fn=(648) ftello
35 1
+3 1
-3 1
+3 2 1 1
+1 5
cfi=(142) /build/glibc-S7Ft5T/glibc-2.23/libio/ioseekoff.c
cfn=(638) _IO_seekoff_unlocked
calls=1 +1 
* 47 8 4 1
* 1
+1 3 1 1
+22 2
fi=(145) /build/glibc-S7Ft5T/glibc-2.23/libio/../libio/libioP.h
866 2 1
fe=(144)
46 3 1 1

fl=(167)
fn=(770)
31 40
+17 10
-17 40
+4 40 10 1
+4 60 10 1
-4 30 10
+32 40 10
+4 60 10 3
-4 30 10
+12 20 10
+3 10
-2 10
+2 60
-2 10
cfi=(168) /build/glibc-S7Ft5T/glibc-2.23/nptl/unregister-atfork.c
cfn=(772) __unregister_atfork
calls=10 -52 
* 160 30 2

fl=(51) /build/glibc-S7Ft5T/glibc-2.23/elf/../sysdeps/unix/sysv/linux/dl-vdso.c
fn=(190) _dl_vdso_vsym
27 10
+4 10 5 5
-3 10

fl=(137) /build/glibc-S7Ft5T/glibc-2.23/libio/iofread_u.c
fn=(610) fread_unlocked
34 26
+5 13
-5 13
+1 26
+3 26 13 8
+4 78
-2 52
cfi=(131)
cfn=(612) _IO_sgetn
calls=13 467 
* 1502 383 98 20 5
+1 52 13 7

fl=(104) /build/glibc-S7Ft5T/glibc-2.23/stdlib/cxa_atexit.c
fn=(470) __cxa_atexit
57 5
-22 1
+22 1
-22 1
cfn=(472) __new_exitfn
calls=1 +38 
* 38 7 5
+2 2 1
+4 1
+3 1
+1 1
-4 2
+2 1
+4 1
+1 1
+11 4

fn=(472)
73 2
+6 1
-6 1
+6 1
-6 1
+6 4 2 2
+2 6 1
+2 3 1 1
-2 1
+10 2
-10 2 1 1
+45 1
+1 1
+3 4 2 1
+3 5
-21 1
+1 2

fl=(157) /build/glibc-S7Ft5T/glibc-2.23/stdio-common/_itoa.c
fn=(700) _itoa_word
168 52
+2 26 13 4
+9 338 26 14
+9 26

fl=(77)
fn=(290)
44 1
+2 1
+3 1
-5 1
+5 4
cfi=(78)
cfn=(292)
calls=1 +36 
* 53 8 5
* 1
+19 2
+3 3
+1 1
-4 3 1 1
+3 159
+1 53
-4 159 53 6
+12 1
-6 1
+6 2

fl=(123)
fn=(550)
61 20
+4 20 20 2
+3 20
+1 20 20 6
+2 15
+1 15
+2 15
+1 15
+5 15
+1 15 15 7
-1 5
+1 5 5
+2 7
+1 7
+2 7
+1 7
+5 7
+1 7 7 4
-1 13
+1 13 13 5
+2 5
+1 5
+2 5
+1 5
+5 5
+1 5 5 4
-1 15
+1 15 15 8
+2 4
+1 4
+2 4
+1 8
+5 4
+1 4 4 3
-1 16
+1 18 16 9
+5 2
+1 2
+1 2
+1 2
+2 2
+2 2
+1 2
+2 2 2
+6 20
+4 20
+12 1
+2 1
+1 1 1 1
+26 1
+1 1 1
+3 1
+1 1
+1 1 1
+5 1
+2 1
+1 1
+1 1
+1 1
+2 1
+1 1
+1 1
+1 1
+2 1
+1 1
+2 1 1 1
+22 1
+2 1 1 1

fl=(170) /build/glibc-S7Ft5T/glibc-2.23/posix/../sysdeps/unix/sysv/linux/_exit.c
fn=(964) _Exit
27 2
+4 1
+2 2

fl=(168)
fn=(772)
28 40
+8 10
+3 20 10
+1 30 10 2
+5 10
-6 20 10
+82 30

fl=(163) /build/glibc-S7Ft5T/glibc-2.23/time/mktime.c
fn=(738) __mktime_internal
353 9
+16 1
+2 1
-18 1
+24 1
-12 1
+3 1
-15 1
+18 1
+6 1
-11 1
+11 2
-12 1
+12 1
-10 1
+10 8
+4 1
-3 2
+3 5
152 4 1 1
391 7
+3 1
-3 1
+3 5
+2 3
+8 3 1
+2 2
+1 1
-1 1 1 1
207 2
+2 1
476 4
207 7
+2 12
+2 1
-2 2
+2 3
+9 3
+1 3
+1 26
476 4
+5 2 1 1
+15 2 1
-16 9
310 3 0 0 1
cfi=(126) /build/glibc-S7Ft5T/glibc-2.23/time/localtime.c
cfn=(740) localtime_r
calls=1 29 
* 741 112 11
* 3 0 0 1 1
cfi=(126)
cfn=(740)
calls=1 29 
* 741 112 13
+2 2
-2 4
+2 2 2
-26 2
-78 2
+2 2
-2 12
+2 22
+12 2
-12 4
+12 68
+24 2
+43 10 2
+1 2
476 4 2 1
185 1
501 1
185 7 1 1
551 5
+2 4 1 1
+16 15
+1 1
-89 2 1 1
+90 9
405 1
+1 3

fn=(734) mktime
583 2
+5 1
cfi=(127) /build/glibc-S7Ft5T/glibc-2.23/time/tzset.c
cfn=(736) tzset
calls=1 -2 
* 593 163 12 1
+3 3
+1 1
-1 1
cfn=(738)
calls=1 353 
* 1826 238 31 2 1

fl=(126)
fn=(570) localtime
39 6
cfi=(127)
cfn=(572) __tz_convert
calls=2 610 
* 11233 2273 490 42 15

fn=(740)
29 2
+1 4
cfi=(127)
cfn=(572)
calls=2 610 
* 1476 224 24

fl=(154) /build/glibc-S7Ft5T/glibc-2.23/stdio-common/vfprintf.c
fn=(690) vfprintf
1236 64
+31 24
+8 25 8 6
+4 40 16 1
+11 40 8
+11 8
fi=(156) /build/glibc-S7Ft5T/glibc-2.23/stdio-common/printf-parse.h
108 24
fe=(154)
1316 8
-15 40
fi=(156)
108 8
cfi=(155) /build/glibc-S7Ft5T/glibc-2.23/string/../sysdeps/x86_64/strchr.S
cfn=(692) strchrnul
calls=8 -84 
* 184 17 2
fe=(154)
1316 8
fi=(156)
108 8
fe=(154)
1312 8
+4 16 8 3
+4 64 0 0 8 4
cfi=(132)
cfn=(710)
calls=6 -33 
* 1706 353 61 23 2
cfi=(131)
cfn=(694)
calls=2 425 
* 8 2 1
* 32 8 5
1685 34 14 4
+1 4 2
+2 8
+1 64
1275 14 7 5
+41 18 6 3
+1 84 18 5
1685 30 12 4
+1 54 6 0 6 1
cob=(5)
cfi=(133)
cfn=(596)
calls=6 65 
* 48 12
* 12
1316 42 0 0 6 1
cob=(5)
cfi=(133)
cfn=(594)
calls=6 28 
* 84 6
+1 12 6 3
+3 16 8 7
+4 8
-4 8
+4 16 8 2
+4 96 24 7
1552 16
-21 16
1632 16
-1 16
1370 270 18
-7 18
-1 18
-3 18
-1 18
+8 18
+4 18
-3 18
-10 18
-1 18
-1 18
-1 18
-1 18
+14 18
-15 18
-1 18
-1 18
-1 18
+18 36 0 0 18 9
1649 18
+2 36 18 15
+8 18
fi=(156)
108 36
fe=(154)
1659 18
fi=(156)
108 18
fe=(154)
1659 18
fi=(156)
108 36
cfi=(155)
cfn=(692)
calls=18 -84 
* 384 37 2
fe=(154)
1663 18
-4 18
+4 198 18 0 18 4
cfi=(132)
cfn=(710)
calls=8 1287 
* 1380 265 30 10
cfi=(131)
cfn=(694)
calls=10 425 
* 352 50 4
* 234 36 3
+2 44 18 6
-34 679 144 40
cfi=(158) /build/glibc-S7Ft5T/glibc-2.23/libio/iopadn.c
cfn=(702) _IO_padn
calls=3 37 
* 225 30 2 3
* 156 22 0 13 2
cfi=(132)
cfn=(710)
calls=5 1287 
* 389 75 22
cfi=(131)
cfn=(694)
calls=8 425 
* 384 56 10
* 130 26
+1 36
-1 59 13 6
cfi=(157)
cfn=(700)
calls=3 168 
* 90 8 4
* 100
cfi=(157)
cfn=(700)
calls=10 168 
* 352 31 14
* 390 74 16
cfi=(158)
cfn=(702)
calls=1 37 
* 77 10 4 1 1
* 35 3
+1 50 5 0 5 2
cfi=(132)
cfn=(710)
calls=3 1287 
* 457 92 30 2 2
cfi=(131)
cfn=(694)
calls=2 425 
* 106 16 7
* 50 10 5
1396 8
+1 2
-1 2
+1 28 2
1588 30 0 0 10 6
+43 204 52 17
+1 47 15 5
cfi=(95) /build/glibc-S7Ft5T/glibc-2.23/string/../sysdeps/x86_64/strlen.S
cfn=(698) strnlen
calls=2 52 
* 86 8 2
* 114 97 17
1489 12
cfi=(156)
cfn=(696) read_int
calls=3 73 
* 36 3 3
+2 3
-2 3
+2 9 3
+8 9 3 3
+18 12 3
+3 36 3
+3 15
+1 15 5
+26 5
+14 5
-14 10 5 3
+38 70 5
-36 20
cfi=(156)
cfn=(696)
calls=5 73 
* 60 5 2
* 5
+4 20 5
+9 25 10 3
+67 45 5

fl=(75)
fn=(280)
84 4 1
+1 1

fl=(124) /build/glibc-S7Ft5T/glibc-2.23/misc/tsearch.c
fn=(556) tsearch
239 7
+7 1
-7 2
+7 1 1
+4 4 1 1
+30 2
cob=(2)
cfi=(16)
cfn=(554)
calls=1 0 
* 197 31 10 1
+1 2 1
+3 1
-1 1
+2 1
+1 2
-2 1
+11 8

fn=(552) tfind
308 2 1
-3 6
+8 3 1
+12 1
-16 1
+16 3

fl=(160)
fn=(718)
84 12 6
cfn=(720) __write_nocancel
calls=6 * 
* 30 6

fn=(720)
84 30 6

fl=(103) /build/glibc-S7Ft5T/glibc-2.23/csu/../csu/libc-start.c
fn=(468) (below main)
134 7
+4 1
-4 3
+4 3 1
+82 1
-82 1
+82 1 1 1
+1 4
cfi=(104)
cfn=(470)
calls=1 57 
* 60 8 5
+22 4 1
+3 2 1
+1 5 0 0 1 1
cob=(14)
cfi=(102)
cfn=(474) __libc_csu_init
calls=1 0 
* 63 5 3 2 2
+4 4 1
+15 2 1
+12 2
cfi=(106) /build/glibc-S7Ft5T/glibc-2.23/setjmp/../sysdeps/x86_64/bsd-_setjmp.S
cfn=(488) _setjmp
calls=1 30 
* 30 1 1
+1 2 1
+5 2
+1 2
+3 2
+3 6 0 0 1 1
cob=(14)
cfi=(102)
cfn=(494) main
calls=1 0 
* 103649 20950 3256 252 98
+34 2
cfi=(164) /build/glibc-S7Ft5T/glibc-2.23/stdlib/exit.c
cfn=(742) exit
calls=1 104 
* 6831 1353 195 46 42
138 2

fl=(119) /build/glibc-S7Ft5T/glibc-2.23/malloc/morecore.c
fn=(542) __default_morecore
46 2
+1 2
cfi=(120) /build/glibc-S7Ft5T/glibc-2.23/misc/sbrk.c
cfn=(544) sbrk
calls=2 -13 
* 73 13 3
+1 6
+4 4

fl=(114) /build/glibc-S7Ft5T/glibc-2.23/malloc/arena.c
fn=(520) ptmalloc_init.part.5
258 6
+13 1
-8 1
+8 1 1 1
+6 3
+2 5 1
+16 2
-56 67
-18 204 68 1
+2 134 67 6
+1 4 2
+1 4 2 2
340 2 1 1
+6 2
+1 2 1 1
+2 1
+1 7
-78 5
cfi=(115) /build/glibc-S7Ft5T/glibc-2.23/elf/dl-addr.c
cfn=(522) _dl_addr
calls=1 126 
* 58749 13261 2042 10 6
* 2 1
+1 4 1

fl=(161) /build/glibc-S7Ft5T/glibc-2.23/stdio-common/sprintf.c
fn=(726) sprintf
27 7 1
+4 1
+1 1
-1 5
+1 1
cfi=(162) /build/glibc-S7Ft5T/glibc-2.23/libio/iovsprintf.c
cfn=(728) vsprintf
calls=1 * 
* 1580 201 44 16 8
+4 2

fl=(76)
fn=(284)
48 2
+1 1

fl=(134)
fn=(602)
53 7
+10 13 3
+1 6
-1 10 2 1
+2 2 1 1
+1 1
+23 8

fl=(156)
fn=(696)
73 8
+12 8
-12 16
+2 56 8 5
+18 8

fl=(109) /build/glibc-S7Ft5T/glibc-2.23/stdlib/setenv.c
fn=(504) __add_to_environ
118 13
+10 1
cfi=(95)
cfn=(372) strlen
calls=1 -62 
* 16 2
+2 1
-2 1
+2 1 1 1
+3 6 2 2
+4 2
+3 2 1
+2 5 1
+4 66
-3 264
cfi=(111) /build/glibc-S7Ft5T/glibc-2.23/string/../sysdeps/x86_64/multiarch/../strcmp.S
cfn=(506) __GI_strncmp
calls=66 -5 
* 2357 434 31 12 10
* 4
cfi=(111)
cfn=(506)
calls=1 -5 
* 31 6 1
* 134 67 8
-1 134
+4 67
-4 135 67 8
+12 3
cfi=(112)
cfn=(514) realloc
calls=1 2981 
* 60355 13608 2093 13 9
cob=(1)
cfi=(73)
cfn=(268)
calls=1 -83 
* 986 158 10 1 1
* 5 0 0 2 2
+2 1
-2 1
+2 1 1
+6 3
+1 1
-1 1 1 1
+1 3
cfi=(122)
cfn=(548)
calls=1 61 
* 233 27 11
* 2
+3 1
+4 1
-4 1
+1 1
+3 2
+2 2 1 1
+73 4 2 2
+2 1
+1 8
-71 2 1 1
+65 3
-61 2
fi=(173) /build/glibc-S7Ft5T/glibc-2.23/stdlib/../sysdeps/pthread/allocalim.h
29 2 1
fe=(109)
186 1
+11 2
-11 4
+11 2
cfi=(123)
cfn=(550)
calls=1 61 
* 18 6 4
* 4
cfi=(123)
cfn=(550)
calls=1 61 
* 18 6 4
* 4
cfi=(123)
cfn=(550)
calls=1 61 
* 44 11 7
+8 4
cfi=(124)
cfn=(552)
calls=1 308 
* 16 2
* 2 1 1
+10 2
cob=(2)
cfi=(16)
cfn=(554)
calls=1 0 
* 197 31 12 1 1
+1 1
-1 1
+1 2 1
+7 3
cfi=(122)
cfn=(548)
calls=1 61 
* 42 11 8
+8 4
cfi=(124)
cfn=(556)
calls=1 +8 
* 230 34 11 1
* 1
131 2
cfi=(95)
cfn=(372)
calls=1 -65 
* 34 3 1
* 3

fn=(500) setenv
253 1
-1 3
+1 8 2 1
cfi=(110)
cfn=(502)
calls=1 24 
* 23 2
* 2 1
+6 3
+1 3
-1 2
cfn=(504)
calls=1 118 
* 65506 14487 2218 30 23

fl=(128) /build/glibc-S7Ft5T/glibc-2.23/string/strdup.c
fn=(578) strdup
40 4
+1 1
cfi=(95)
cfn=(372)
calls=1 +25 
* 34 3 1
* 1
+1 2
cob=(2)
cfi=(16)
cfn=(554)
calls=1 -42 
* 197 31 3 1
+2 2 1
+4 1
-1 2
+1 2
-1 2
cfi=(122)
cfn=(548)
calls=1 +14 
* 64 11 6

fl=(52)
fn=(196)
45 1
+1 1
+1 1
+1 1 1
+1 1
+1 1

fn=(192)
45 1
+1 1
+1 1
+1 1 1
+1 1
+1 1

fl=(138) /build/glibc-S7Ft5T/glibc-2.23/libio/filedoalloc.c
fn=(618) _IO_file_doallocate
95 10
+15 12 2 0 2 1
cfi=(132)
cfn=(620)
calls=2 1229 
* 28 4
* 4 2
+2 8 2 1
+11 6 2 2
+4 4
cob=(2)
cfi=(16)
cfn=(554)
calls=2 0 
* 491 86 38 2
* 2
+2 2
-1 4 2
+2 8
cfi=(131)
cfn=(622)
calls=2 380 
* 36 2 2
+1 2
+1 10
-15 1
-2 9 1
+5 2

fl=(149) /build/glibc-S7Ft5T/glibc-2.23/time/offtime.c
fn=(676) __offtime
30 20
+4 36
+1 8
+2 8 4 2
+10 32
+1 8
+1 32
+1 8
-1 4
+1 4
+2 4
-2 4
+2 4
-2 4
+2 32
+1 12 4
+1 4
+1 4
+5 4
+3 4
-3 4
+3 60
+3 324
+3 4
-3 12
-6 64 24 6
+11 4
+1 4
-1 4
+1 12 4 2
-30 12 4
+37 8
-1 4
+1 24 4 2
+1 140 34 14
+4 4
-1 4
+2 4
-1 4
+2 4
-2 4
+2 16

fl=(89)
fn=(326)
33 3 1 1
+1 1

fl=(141) /build/glibc-S7Ft5T/glibc-2.23/libio/fseek.c
fn=(636) fseek
32 1
+3 1
-3 2
+3 2 1 1
+1 4
cfi=(142)
cfn=(638)
calls=1 +4 
* 91 15 6 2 2
* 4
fi=(148) /build/glibc-S7Ft5T/glibc-2.23/libio/libioP.h
866 2 1
fe=(141)
39 3

fl=(85) /build/glibc-S7Ft5T/glibc-2.23/string/../sysdeps/x86_64/strrchr.S
fn=(314) rindex
24 1
+1 1
+1 1
+1 1
+1 1
+1 1
+1 1
+1 1 1
+1 1
+1 1
+1 1
+1 1
+1 1
+1 1
+1 1
+1 1
+1 1 1
+1 1
+1 1
+1 1
+1 1 1
+1 1
+1 1
+1 1

fl=(87)
fn=(320) handle_intel
262 4 2
-1 4
+17 2
-17 12
+14 2
+1 4
-3 6
+23 8
cfn=(322) intel_check_word
calls=2 133 
* 666 198 38
+1 4 2
+3 10
cfn=(322)
calls=2 133 
* 238 38 21
+1 4 2 2
-17 4
+5 2
-5 6
+5 2 2
+2 2
+1 2
-1 4
+27 16

fn=(322)
133 8 4
+6 4
-7 20
+7 16
-7 4
+7 4
+2 4
-2 4
+2 4 4
+68 8
+3 24
-69 4
+2 8 4
-2 6
+2 12 6
+8 20 10 4
+51 16 8 6
+22 8
fi=(88) /build/glibc-S7Ft5T/glibc-2.23/string/../bits/stdlib-bsearch.h
27 8
+1 16
+3 16
+1 8
fe=(87)
+89 16 8
fi=(88)
-90 12
+1 6
fe=(87)
+89 12 6
+3 54 54 8
fi=(88)
-95 44
+2 44
-2 44 44 4
+2 80
+1 40
fe=(87)
+89 80 40 10
251 8
141 16 8 4
-6 2
256 24
fi=(88)
37 10
-8 24 10 4
fe=(87)
165 6
+3 6 2
+4 4
+2 4
+1 14 3 2
+2 7 1 1
-12 2
+12 2
+1 10 5 3
+1 10 5 4
+1 6 3 2
+17 3
-32 9
+3 9 3
+4 6
+2 6
+1 12 3 2
+2 12 3 3
+5 2
+2 4 2 2
+2 32

fn=(318)
482 2
+12 1
-12 3
+12 3 1
+2 4
cfn=(320)
calls=1 262 
* 455 111 31
+4 2
-4 1
+4 1
cfn=(320)
calls=1 262 
* 547 133 30
+2 1
-2 1
-1 1
+3 1 1
+9 2 1
+2 1
+1 1
+2 1
+5 2
+9 4
-9 4
+9 16 4 1
-9 12
+6 8 4 4
+69 4 2
+1 5
+55 2 1
+2 1
+1 1
+2 1
-3 1
+5 1
-5 1
+4 3
+4 2 1
+2 1
+1 1
+2 1
-3 1
+5 1
-5 1
+4 2
+3 1
-3 1
+3 5
532 1
+32 1
-26 6 2
+7 5
+2 1
+1 1
+1 2 1
-4 4
+2 1
+1 1
+1 6 3 1
+2 2
-6 2
+6 2 2 1
+5 1
+2 2
+1 1
-1 1
+1 3
+6 1
-1 1
+1 5 1 1

fl=(49)
fn=(564) __time_syscall
30 6
+1 3

fn=(186)
38 2
-1 2
+1 12
fi=(50) /build/glibc-S7Ft5T/glibc-2.23/time/../sysdeps/generic/dl-hash.h
+10 6
+14 8
-17 6 2 1
+3 18
+14 24
-17 18 6 4
fe=(49)
-7 6 2
+3 4
-3 2
+3 2
cfi=(51)
cfn=(190)
calls=2 -14 
* 12 2 2
+1 6
+1 4

fl=(48)
fn=(208)
87 1
+2 1
+1 1
+1 1 1 1
+12 1

fn=(194)
129 1
+1 1
+1 1
+1 1 1 1
+10 1

fn=(184)
109 2
+1 2
+1 2
+1 2 2 2
+10 2

fl=(139) /build/glibc-S7Ft5T/glibc-2.23/string/../sysdeps/x86_64/multiarch/../memcmp.S
fn=(632) __GI_memcmp
24 41
+1 41 41
+1 41
+1 41 41
+1 41
+1 41
+1 41
+1 41 41
+3 41
+1 41 41 4
+1 32
+1 32
+1 32
+1 32 32
+1 32
+1 32
+1 32 32 23
+2 24
+1 24 24 2
+1 15
+1 15
+1 15
+1 15 15 2
+5 9
+1 9 9
+1 9
+1 9
+1 9
+1 9 9 2
+35 17
+4 24
+1 24 24 7
+1 8
+1 8
+1 8
+1 8
+1 8
+1 8
+1 8
+1 8
+1 8
+1 8
+1 8
+4 16
+1 16

fl=(155)
fn=(692)
24 26
+1 26
+1 26
+1 26
+1 26
+1 26
+1 26
+1 26 26
+1 26
+1 26
+1 26
+1 26
+1 26
+1 26
+1 26
+1 26
+1 26 26 2
+1 24
+2 24
+7 24
+4 2
+1 2
+1 2
+1 2
+1 2
+1 2
+1 2
+1 2
+1 2
+1 2
+1 2
+1 2
+1 2
+1 2
+1 2
+1 2
+1 2
+1 2
+1 2
+1 2
+1 2
+1 2
+1 2
+1 2 2 2
+52 2
+2 2
+7 2

fl=(162)
fn=(728)
32 2
+7 1
-7 3
+7 1
-7 3
+7 3
-2 1
+2 1
cfi=(131)
cfn=(586) _IO_no_init
calls=1 599 
* 44 2 2
+1 1
+1 4
-1 1
+1 1
cfi=(153) /build/glibc-S7Ft5T/glibc-2.23/libio/strops.c
cfn=(688) _IO_str_init_static_internal
calls=1 -5 
* 53 3 2
+1 4
cfi=(154)
cfn=(690)
calls=1 1236 
* 1445 195 39 16 8
* 1
+1 4 1 1
+2 7

fl=(81)
fn=(306)
52 8
+6 3 1 1
+14 1
fi=(83) /build/glibc-S7Ft5T/glibc-2.23/csu/../sysdeps/unix/sysv/linux/x86_64/init-first.c
-36 1
fe=(81)
+34 1
+1 1
fi=(83)
-35 3
fe=(81)
+36 1
fi=(83)
-36 3
fi=(82) /build/glibc-S7Ft5T/glibc-2.23/csu/../sysdeps/generic/dl-hash.h
+12 3
+14 4
-17 3 1 1
+3 9
+14 12
-17 9 3 2
fi=(83)
-9 3 1
+2 2
-2 1
+2 2
cfi=(51)
cfn=(190)
calls=1 -11 
* 6 1 1
+1 2 1 1
+5 2
-3 2
+1 1
+2 1
cfi=(51)
cfn=(190)
calls=1 -17 
* 6 1 1
fe=(81)
+42 3
fi=(83)
-41 2
+1 1
fe=(81)
+40 1
cfi=(84) /build/glibc-S7Ft5T/glibc-2.23/misc/init-misc.c
cfn=(312) __init_misc
calls=1 -55 
* 48 5
+8 1
cfi=(86)
cfn=(316)
calls=1 -63 
* 16
+5 6
-34 1
-7 1
+7 4 1 1
fi=(83)
-25 2
fe=(81)

fl=(84)
fn=(312)
31 2 1
-1 3
+1 4 1
+2 3
cfi=(85)
cfn=(314)
calls=1 -9 
* 24 3
+4 5
+1 3
+2 4

fl=(54)
fn=(200)
37 1
-1 1
+1 6
fi=(50)
+11 3
+14 4
-17 3 1 1
+3 9
+14 12
-17 9 3 1
fe=(54)
-8 3 1
+3 2
-3 1
+3 1
cfi=(51)
cfn=(190)
calls=1 -13 
* 6 1 1
+1 3
+1 2

fl=(122)
fn=(548)
61 20
+2 20
+2 20 20 6
+3 19
+1 19 19 8
+2 5
+1 5
+2 5
+1 5
+5 5
+1 5 5 1
-1 14
+1 14 14 6
+2 4
+1 4
+2 4
+1 8
+5 4
+1 4 4 2
-1 15
+1 15 15 3
+2 13
+1 13
+2 13
+1 13
+5 13
+1 13 13 6
-1 6
+1 6 6 1
+2 5
+1 5
+2 5
+1 5
+5 5
+1 5 5 3
-1 14
+1 17 14 6
+5 3
+1 3
+1 3
+1 3
+2 3
+2 3
+1 3
+2 3 3
+8 19
+8 6
+6 6
+2 6
+1 6 6 4
+3 2
+1 6
+5 2
+1 2
+2 2
+2 2
+1 2
+2 2 2 1
-8 7
+1 7
+2 7
+2 7
+1 7
+2 11 7 5
+9 2
+1 2 2 1
-1 4
+1 4 4 1
+3 5
+1 5
+1 5 5
+5 12
+2 12
+1 12
+1 12
+1 12
+2 12
+1 12
+1 12
+1 12
+2 12
+1 12
+2 12 12 4
+2 8
+2 8
+1 8
+1 8
+1 8
+2 8
+1 8
+1 8
+1 8
+2 8
+1 8
+2 10 8 6
+5 1
+6 1
+1 1 1 1
-7 4
+6 4
+1 4 4 3
+2 1
+17 1
+1 1
+1 1
+5 1
+1 1
+4 1
+1 1 1
+2 156 156 10
+1 1
+6 1
+1 1
+1 1 1
+3 1
+6 1
+1 1 1 1

fl=(129) /build/glibc-S7Ft5T/glibc-2.23/time/tzfile.c
fn=(672) __tzfile_compute
643 36
+3 4
-3 4
+3 8 4
+5 4
-3 4
+3 4
-3 4
+1 4
+2 20 8 1
+30 12 4 3
+42 8
-5 4
+5 24
+1 8 4 2
+42 24
+1 4
-1 4
+1 8
cfi=(127)
cfn=(670) __tzstring
calls=4 128 
* 324 68 13
+2 4
-2 12
+2 8 4 2
+3 16
+3 4
-3 4
+3 4 4
+2 16
cfi=(127)
cfn=(670)
calls=4 128 
* 756 176 18
* 12
+2 20 4 2
+7 28 4
+7 20
+1 4
+2 4
-3 4
+1 8
+2 4 4
+7 8 4
+3 8
+1 20
cfi=(111)
cfn=(674) __GI_strcmp
calls=4 144 
* 96 12 2
* 8 4
+2 4
-1 4
+1 16
+4 4
+8 8
-7 4
+7 12
-2 8 4
+20 32
726 16
+1 12 4 2
+2 4 2 2
+3 6 2 2
+8 6 2 2
-8 4
+12 2
-1 6 2
-3 6 2
-11 4 2 2
+98 8

fn=(580) __tzfile_read
104 9
+20 1
-10 1
+3 1
+5 1
+2 1 1
+3 4 1 1
543 8
136 4 1 1
+24 2 1 1
+8 3
cfi=(130) /build/glibc-S7Ft5T/glibc-2.23/libio/iofopen.c
cfn=(582) fopen@@GLIBC_2.2.5
calls=1 -71 
* 572 80 28 3 2
+1 1
-1 1
+1 1 1
+4 2
cfi=(135) /build/glibc-S7Ft5T/glibc-2.23/libio/fileno.c
cfn=(606) fileno
calls=1 35 
* 6 2
* 4
cfi=(136)
cfn=(608)
calls=1 34 
* 10 2
* 2 1
+6 2
-64 1
+64 1
cob=(2)
cfi=(16)
cfn=(574)
calls=1 0 
* 18 2 1 1
+4 1
-3 1
+3 1
+1 2
+1 1
+3 1
-3 1
+6 5
cfi=(137)
cfn=(610)
calls=1 34 
* 493 80 42 6 5
* 5
cfi=(137)
cfn=(610)
calls=1 34 
* 222 41 18 3
* 4 2
+2 8
cfi=(139)
cfn=(632)
calls=2 24 
* 44 16 6
* 4 2
fi=(140) /build/glibc-S7Ft5T/glibc-2.23/time/../sysdeps/x86/bits/byteswap.h
47 16
fe=(129)
197 2
fi=(140)
47 2
fe=(129)
201 4
-1 2
fi=(140)
47 10
fe=(129)
196 2
fi=(140)
47 2
fe=(129)
199 2
+4 2
-7 2
+1 2
+1 2
+1 2
+4 2 2
+4 4 2 1
+1 2 1
+12 6
-9 1
+9 4
cfi=(141)
cfn=(636)
calls=1 32 
* 110 17 7 2 2
* 2 1 1
-74 3 1
534 1
-1 1
+1 1
cob=(2)
cfi=(16)
cfn=(574)
calls=1 0 
* 18 2 1 1
* 2
226 3 1
+5 2
+3 5 1
+3 3
+1 4 1
+2 1
+1 2 1
+3 3
+3 4 1
+3 1
+1 1
-1 2
+2 1
-2 2
+2 2 1 1
+25 10 1
+5 4
cob=(2)
cfi=(16)
cfn=(554)
calls=1 0 
* 186 29 14 1
+1 1
-1 1
+1 1 1
+5 1
+1 1
-3 1
+5 3
-3 1
+1 1
+2 1
-2 1
-3 1
+5 1
-2 1
+1 1
-2 1
-2 1
+4 1
+1 1 1 1
+19 1
cfi=(137)
cfn=(610)
calls=1 34 
* 291 176 20 1
+1 1
-1 5 1
+7 2 1
+1 7 1
-1 278 139 1
+1 555 138 4
-23 5 1
+5 5
+21 4 1
fi=(140)
111 3
fe=(129)
338 1
-1 2 1 1
fi=(140)
111 414
fe=(129)
338 138
-1 276 138 9
+4 9 1
+4 5
cfi=(137)
cfn=(610)
calls=1 34 
* 76 11 6 1
* 35
cfi=(137)
cfn=(610)
calls=7 34 
* 532 77 13 7
* 16 8
fi=(146) /build/glibc-S7Ft5T/glibc-2.23/time/../libio/bits/stdio.h
65 48 8
fe=(129)
350 16 8
+2 32
fi=(146)
65 48 8
fe=(129)
354 24 8
+3 8
-16 16
+16 8
fi=(140)
47 16
fe=(129)
358 16
-17 13 8 3
+20 8
cfi=(137)
cfn=(610)
calls=1 34 
* 85 12 8 1
* 5 1
+6 8
-3 2 1 1
254 8
cfi=(144)
cfn=(648)
calls=1 35 
* 68 12 7 1
+1 3 1
+2 1
-1 1
+2 5
-3 2 1
+8 1
-3 1
+3 3 1
+1 1
-1 2 1
+4 1
-1 2
+1 2 1
+3 5 2
+2 1
+1 10 2 1
+23 8
fi=(146)
65 48 8
fe=(129)
385 40
-5 26 9 6
+7 1
+1 3
-1 2 1 1
-4 2
+7 18 9 1
fi=(146)
65 48 8
fe=(129)
395 32
-5 16
+7 4 1 1
+4 2 1
fi=(146)
65 6 1
fe=(129)
404 2 1
+58 2
+3 1
-3 1
cfi=(147) /build/glibc-S7Ft5T/glibc-2.23/libio/iofclose.c
cfn=(654) fclose@@GLIBC_2.2.5
calls=1 39 
* 545 106 51 6 4
* 2
+3 18 9 1
+1 8
-1 8
+1 40
cfi=(127)
cfn=(670)
calls=8 128 
* 1868 357 93 4
* 8
-61 8
cfi=(137)
cfn=(610)
calls=1 34 
* 89 12 6 1
* 3 1
+4 2
+50 1
-50 1
+50 3 2
+12 1
+2 3
+11 1
-13 1
+1 1
+1 4 2
+2 4
+1 8
+2 2
-2 2
+2 2 2
+4 8
cfi=(127)
cfn=(670)
calls=2 128 
* 270 61 9
* 4
+2 10 2 1
+4 3 1
+7 2 1 1
847 10
+5 13
-1 34 17 10
+2 16 4 2
+1 2
+2 12 4 3
500 3 1 1
+29 4
+1 1
-1 1
+1 3
-15 3
-9 2
+9 2
-10 2
+5 9 3 2
+3 2
-1 1
+8 4 2 1
+3 2 1 1
-8 7 2
+3 2
-1 10 2 1

fl=(53)
fn=(198)
30 1
+1 1
+1 1
+1 1 1
+1 1
+1 1

fl=(111)
fn=(674)
144 6
+1 6
+2 6
+1 6
+21 6
+1 6 6
+1 6
+1 6 6
+1 6
+1 6
+1 6
+1 6
+21 6
+1 6
+1 6
+1 6
+1 6
+1 6
+1 6 6 2
+5 2
+1 2
+9 2
+1 2
+1 2
+1 2
+1 2
+1 2
+1 2
+1 2 2 1
+1 2 2
+1 2
+1 2
+1 2
+2 2
+1 2
+1 2
+1 2
+1 2
+1 2 0 0 2 1
1821 2
+1 2
+1 2
+1 2
+1 2
+2 2
+1 2
+1 2
+1 2
+1 2
+1 2
+1 2 2
+1 2
+4 2
+1 2
+1 2
+6 2
+1 2
+1 4
+4 2
+1 2 2
+3 2
+1 2
+1 2
+3 2
+1 2
+1 2
+6 2
+1 2
+1 2
+1 2
+1 2
+1 2 2 2
2200 2
+2 2
+1 2
+1 2
+1 2 2
+1 6
+5 2
+6 2
+1 2
+8 2
+1 2
-16 4
+6 4
+1 4
+8 4
+1 4

fn=(506)
138 70
+1 70 70 2
+1 67
+1 67 67
+1 67
+2 67
+1 67
+2 67
+1 67
+21 67
+1 67 67
+1 67
+1 67 67 17
+1 54
+1 54
+1 54
+1 54
+21 54
+1 54
+1 54
+1 54
+1 54
+1 54
+1 54 54 3
+15 13
+1 13
+1 13
+1 13
+1 13
+1 13
+1 13
+1 13 13 2
+1 12 12 2
+1 10
+1 10
+1 10
+2 10
+1 10
+1 10
+1 10
+1 10
+1 10 0 0 10 8
-5 2
+1 2
+1 2
+1 2
+1 2
+1 2 0 0 2 2
+10 1
+1 1
+1 1
+2 1
+6 1
+1 1
+1 1
+1 1
+1 1
+5 1 1 1
571 1
+1 1
+1 1
+1 1
+1 1
+2 1
+1 1
+1 1
+1 1
+1 1
+1 1
+1 1 1
821 3
+1 3
+1 3
+1 3
+1 3
+2 3
+1 3
+1 3
+1 3
+1 3
+1 3
+1 3 3
946 1
+1 1
+1 1
+1 1
+1 1
+2 1
+1 1
+1 1
+1 1
+1 1
+1 1
+1 1 1
1196 1
+1 1
+1 1
+1 1
+1 1
+2 1
+1 1
+1 1
+1 1
+1 1
+1 1
+1 1 1
1321 1
+1 1
+1 1
+1 1
+1 1
+2 1
+1 1
+1 1
+1 1
+1 1
+1 1
+1 1 1
1571 1
+1 1
+1 1
+1 1
+1 1
+2 1
+1 1
+1 1
+1 1
+1 1
+1 1
+1 1 1 1
1946 1
+1 1
+1 1
+1 1
+1 1
+2 1
+1 1
+1 1
+1 1
+1 1
+1 1
+1 1 1
2071 3
+1 3
+1 3
+1 3
+1 3
+2 3
+1 3
+1 3
+1 3
+1 3
+1 3
+1 3 3 3
2202 13
+1 13
+1 13
+1 13 13 3
+1 30
+5 10
+3 10
+1 10 10
-4 57
+3 57
+1 57 57
+2 67
+1 67
+8 67
+1 67
+3 3
+1 3

fl=(158)
fn=(702)
37 8
+8 4
-8 16
+7 8 4 1
+2 3
+1 3
-1 3 3 2
+8 20 4
+8 8 4
+2 20 0 0 4 1
cfi=(131)
cfn=(694)
calls=4 425 
* 177 25 3
+4 4
-3 4
+3 24

fl=(115)
fn=(522)
126 9
+5 1
-5 2
+5 2 0 0 1 1
cob=(5)
cfi=(116)
cfn=(524)
calls=1 -67 
* 36 7 2
+2 2
cob=(1)
cfi=(117)
cfn=(530)
calls=1 +49 
* 81 33 10
cob=(1)
cfi=(73)
cfn=(268)
calls=1 -62 
* 2129 309 14 6 3
* 5 0 0 2 1
+2 2 1
30 1
+1 1
-1 1
+1 1
+3 2 1
+5 1
+6 1
-7 1
+2 2
+2 1
-2 1
+2 1
+3 1 1
+5 8 1
+2 1
+1 2 1 1
-1 1010
+1 2020 1010 113
+2 3628
+9 2010 670 31
+7 24
-2 24
+2 2259 24 11
-2 2211
+2 5750 2211 1018
-10 11175 2235 22
+2 8940 2235 3
+1 14318 3500 790
+7 1011
-21 2022 1011 20
+49 3 1
+1 1
+1 3 1 1
+3 2 1 1
+37 2 0 0 1 1
cob=(5)
cfi=(118)
cfn=(532)
calls=1 39 
* 28 8 5
+3 9
-28 1
+1 1
+21 2

fl=(95)
fn=(372)
66 25
+1 25
+1 25
+1 25
+1 25
+1 25
+1 25
+2 25
+2 25 25
+30 25
+1 25
+1 25
+1 25
+1 25 25 2
+1 23
+1 23
+4 2
+1 2
+1 2
+1 2
+1 2
+1 2
+1 2
+1 2
+1 2
+1 2
+1 2
+1 2
+5 16 2

fn=(698)
52 2
+1 2 2 2
+7 2
+1 2
+1 2
+1 2
+3 2
+1 2
+1 2
+1 2
+1 2
+1 2
+1 2
+2 2
+2 2 2
+26 2
+1 28
+29 14 2
+11 2
+1 2
+1 2
+1 2 2
+1 2
+1 2

fl=(159) /build/glibc-S7Ft5T/glibc-2.23/stdio-common/printf.c
fn=(708) printf
28 48 6 4
+4 6
+1 12
-1 30
+1 18
cfi=(154)
cfn=(690)
calls=6 1236 
* 6820 1263 243 77 15
+4 12

fl=(112)
fn=(514)
2981 9
+7 2
+1 2 1 1
+82 9
-81 2 0 0 1 1
cfi=(113) /build/glibc-S7Ft5T/glibc-2.23/malloc/hooks.c
cfn=(516) realloc_hook_ini
calls=1 37 
* 60329 13607 2092 12 8
* 2

fn=(576)
2941 25
+5 10
+1 10 5 1
+6 10 5 3
+5 2
-2 2
+2 4 2
+16 6 2 2
+1 4
cfn=(662) _int_free
calls=2 3848 
* 229 57 23
+1 30

fn=(662)
3848 18
+13 2
-13 2
+13 4
+6 8 2
+1 4 2
+11 8 4
+13 4 2 2
4112 16
3967 4 2
+1 6 2 2
+15 4 2 2
+8 6 2
+6 4
+1 4 2
+1 4 2
1893 6 2
4008 4 2 2
+7 4 2
+5 4 2 1
+1 15 4 1
+1 1
+11 1
-1 1
+2 2 1
-1 1
-1 1
+2 2 1
+7 2
-2 2
+1 2
+1 2 2
+2 2
+1 2
+2 2
+1 2
+2 6
+1 2
+30 4 2 2
3969 10 4 3
+8 2
-4 2
+4 6 2
-7 4
4100 6 2
+1 6 2 1
+1 10 4 4
-78 2
-3 3 1 1
-38 10 2 2

fn=(536) _int_malloc
3326 60
+30 12
-30 24
+30 108 36
+4 48 12
+14 24 12 6
+2 21
+2 7
-1 7
-1 7
+1 7
+5 14 7 2
+29 24 12 2
+2 27
+1 27
+2 9
-2 9
+2 18 9 3
+2 2 1
+37 18 4 2
+1 6 3 3
+1 2
cfn=(538) malloc_consolidate
calls=1 4151 
* 651 129 10
3826 168
-2 12
+2 12
-2 12
+2 24
5016 12
3824 12
+2 12
5018 12
3826 12
5018 12
3826 36
5018 24
3826 48
5016 24
3476 24
+67 2
+51 10
+7 2
-6 2
+1 2
+1 2
+1 2
+3 2 2
3476 42 14 9
+3 5
-1 5
+1 10 5
+1 10 5
+3 5
+10 18 9 3
+34 2
-5 2
+1 2
+4 2 2
+13 4 2
+8 8 2 2
+1 8
+1 2
+3 4 2 2
1886 2
3777 2
1886 4 2
3840 108
3548 14 2
-54 8 4 2
+1 12 3 2
+5 3
-1 3
+5 3
-3 6
+1 3
+1 6
+1 3 3 2
+2 3
+1 3
+3 24
+2 9
+1 3
+3 3
1886 9 3 2
3591 8
+19 18 9 3
+73 18
+1 18
+1 18
+1 18
+1 18
+5 18 9 7
+16 7
+2 14 7
-4 18 9 7
+8 2
+3 4 2 2
-21 27 9 1
+3 32 8 1
-3 21 7 1
+3 24 6
-3 12 6 3
+3 12 4 1
3799 7
+3 7
-2 14
+2 14 7 4
+17 2 1 1
3612 9
+3 3
-3 3
+3 9 3 3
3455 6
1886 4 1 1
3455 1
3699 3
+2 2
+1 2
-1 2
+1 2
-3 3
+27 4
+3 4 2
+5 2
-3 4
+3 34 10 2
+3 4 2
+15 2
+1 4 2
-6 2
+17 2
-6 2
+1 2
+1 2
+1 2
+3 2 2 1
+1 1
+1 4 2 1
+2 2
+1 2
+2 16
+2 6
+1 4
+60 3
cfn=(540) sysmalloc
calls=1 2275 
* 249 36 12 2 2
+1 2 1 1
-28 6
-3 6
+1 6
+2 6
-1 6
+1 12
+2 6
-2 24
+2 6
+3 6
1886 18 6 5
3734 24 6

fn=(534)
2909 36
+5 24
+1 24 12
+3 96 24 12
+2 36
cfn=(536)
calls=12 3326 
* 2859 442 109 2 2
+3 12
-3 12
+3 12 12 2
+8 48 24 19
+2 132 48 6
+3 48
-18 72 24 21

fn=(538)
4151 2 1 1
5010 4
1815 3
-3 2 1 1
+3 378
-3 252 126 7
+7 3 1 1
+5 1
+2 1
-2 2
-1 3

fn=(540)
2275 8
+20 1
+11 1
-11 1
+11 1 1
+1 5 1
fi=(114)
488 3
fe=(112)
2322 5
+65 1
+1 3
+10 1
-9 1
+9 5 2
+6 4 1
+3 3 1 1
2730 2 1
+1 1
+8 4 1
+5 1
-3 1
+3 1
-2 1
+2 3
+1 1
-1 1
-1 1
+4 1
-3 2
+1 1
+8 9
2470 1
-8 4
+8 1 1 1
+21 5 0 0 1 1
cfi=(119)
cfn=(542)
calls=1 46 
* 62 10 2
* 1
+1 1
+3 4 1 1
+3 2
+1 2 1
+20 2
+26 2 1 1
+2 2
+6 1
-6 1
+6 1 1 1
2328 1
2471 1
+10 5
+8 1
-8 1
+8 1 1 1
+67 7 3
+37 2 1 1
+6 3 1 1
+19 1
+3 2
+1 5
+2 1
-2 1
+2 1 1
+1 3 0 0 1 1
cfi=(119)
cfn=(542)
calls=1 46 
* 25 3 1
+12 2 1
+8 1
+1 1
-1 2
+1 2 1
+39 1
+1 1
-2 1
+1 3
+12 1
-12 1
+1 1
+11 1 1 1
2546 5

fl=(113)
fn=(516)
37 9
+1 1
+1 1
-1 1
fi=(114)
260 1
fe=(113)
39 1
fi=(114)
260 2 1 1
fi=(112)
2993 6 1
+7 2 1 1
fe=(113)
42 9
fi=(112)
3011 1
cfi=(114)
cfn=(520)
calls=1 258 
* 59206 13406 2054 10 6
* 1
-22 2 1 1
+12 2
cfn=(534)
calls=1 -92 
* 1082 197 35 2 2
* 2
fe=(113)

fl=(136)
fn=(608)
34 3
-1 3
+1 3 3
+1 18 3
+4 3

fl=(164)
fn=(742)
104 1
-1 1
+1 2
cfn=(744) __run_exit_handlers
calls=1 -69 
* 6827 1353 195 46 42

fn=(744)
35 8
+5 1
cfi=(165) /build/glibc-S7Ft5T/glibc-2.23/stdlib/cxa_thread_atexit_impl.c
cfn=(746) __call_tls_dtors
calls=1 145 
* 11 1 1
* 1
+6 8 1
+4 6 2 1
+3 1
-1 1
+2 5 2 1
+33 1
+1 1
-1 1
+1 1 1
+6 2 1
+1 5 1 0 1 1
cfi=(131)
cfn=(954) _IO_cleanup
calls=1 948 
* 248 50 26 2 2
* 3 1
+2 2
cfi=(170)
cfn=(964)
calls=1 -70 
* 5
-19 1
+4 1
-4 1
+2 1
+2 1
-2 2
+2 1 0 0 1 1
cob=(1)
cfi=(166)
cfn=(748)
calls=1 +48 
* 6507 1293 166 42 38
+1 1

fl=(165)
fn=(746)
145 3
+1 4 1 1
+18 4

fl=(142)
fn=(638)
40 4 2
-1 6
+10 7 3 2
+16 6
+1 4
-1 2 0 0 2 1
cfi=(132)
cfn=(640)
calls=2 986 
* 107 17 7 1 1
-16 2 1 1

fl=(127)
fn=(572)
610 8 4
-4 8
+10 4
-10 24
+10 4
-10 4
+10 16 8 6
+5 16 6 2
407 2
-3 2
+3 2
cfi=(94)
cfn=(370)
calls=2 34 
* 936 288 13
+7 2
-7 2
+7 8 4 2
+11 9 2 1
cfi=(111)
cfn=(674)
calls=1 144 
* 86 9 1 1 1
* 2 1 1
+12 1
-4 1
+1 1
+3 1
cob=(2)
cfi=(16)
cfn=(574)
calls=1 0 
* 18 2 1 1 1
+1 2
cfi=(128)
cfn=(578)
calls=1 40 
* 312 46 10 1
+3 3
-3 1
+3 1
cfi=(129)
cfn=(580)
calls=1 104 
* 8383 1697 390 39 13
+1 3 1 1
+17 3
623 6 3
+1 24
cfi=(129)
cfn=(672)
calls=4 +19 
* 1746 324 53
+12 16 8 4
+2 8 4
+2 12 4
+7 16
cfi=(149)
cfn=(676)
calls=4 30 
* 956 78 26
* 8 4 2
+1 8
+6 32
402 8 2
+19 4 2 1

fn=(670)
128 108
+1 18
cfi=(95)
cfn=(372)
calls=18 -63 
* 288 36
-32 18
+32 18
-32 75 18 9
+1 165 55 15
+2 39
+1 78
-1 39
+1 78
cfi=(139)
cfn=(632)
calls=39 -77 
* 937 293 34
* 78 39 4
-4 123 41 14
+9 6
cob=(2)
cfi=(16)
cfn=(554)
calls=3 0 
* 555 87 26 3
+1 3
-1 3
+1 3 3
+5 3
-2 3
+1 3
+1 12
cfi=(122)
cfn=(548)
calls=3 -51 
* 64 18 6
+1 3
+3 6
+14 18
-24 2
cob=(2)
cfi=(16)
cfn=(554)
calls=1 0 
* 332 65 22 1
+1 1
-1 1
+1 1 1
+5 1
-2 1
+1 1
+1 4
cfi=(122)
cfn=(548)
calls=1 -51 
* 23 6 3
+1 1
+5 1
+12 1
-12 1
+12 19
-12 14
+12 70

fn=(736)
586 2
+1 2
-1 1
+1 4 2 1
407 1
-3 1
+3 1
cfi=(94)
cfn=(370)
calls=1 34 
* 468 144 4
+7 6 2
+7 2 1 1
598 4 2 2
+1 4
425 6 1
cfi=(111)
cfn=(674)
calls=1 144 
* 86 9 2 1
* 3 1 1
591 2 1 1

fl=(150) /build/glibc-S7Ft5T/glibc-2.23/time/asctime.c
fn=(682) asctime
36 2 1
+50 1
-37 3 1
+10 1
-3 12 1
+1 1
-1 12 1 1
cfi=(151) /build/glibc-S7Ft5T/glibc-2.23/stdio-common/snprintf.c
cfn=(684) snprintf
calls=1 -28 
* 3062 403 116 30 11
+7 3 1
+2 2 1
+3 1
+20 2
-32 3

fl=(147)
fn=(654)
39 3
+14 1
-14 1
+14 2 1 1
+9 4 0 0 1 1
cfi=(132)
cfn=(666)
calls=1 200 
* 27 5 4
+1 3 1 1
+18 6 3
+3 2
cob=(2)
cfi=(16)
cfn=(574)
calls=1 -84 
* 150 35 14 1
+4 5
-34 1
cfi=(131)
cfn=(656)
calls=1 +6 
* 95 16 10 2 2
+2 5 1 1
+1 2 1
+1 2
cfi=(132)
cfn=(658)
calls=1 160 
* 226 40 18 2 1
* 3
fi=(148)
866 2 1
+1 3 1 1
fe=(147)
78 2 1 1

fl=(106)
fn=(488)
30 1
+2 1
cfi=(107) /build/glibc-S7Ft5T/glibc-2.23/setjmp/../sysdeps/x86_64/setjmp.S
cfn=(490) __sigsetjmp
calls=1 -6 
* 28 1 1

fl=(130)
fn=(584) __fopen_internal
61 6
+8 1
-8 2
+8 1
cob=(2)
cfi=(16)
cfn=(554)
calls=1 -69 
* 185 29 9 1
+2 3 1
+3 1
+3 4
-3 1
+3 2
cfi=(131)
cfn=(586)
calls=1 599 
* 58 2
+4 1
+1 1
-1 1
+1 1
cfi=(132)
cfn=(590)
calls=1 +62 
* 128 20 10 2 2
+4 5
cfi=(132)
cfn=(598)
calls=1 249 
* 156 26 8
* 1
+1 1
-1 1 1
+6 5
-5 1
cfn=(604) __fopen_maybe_mmap
calls=1 -46 
* 4 1 1

fn=(604)
41 1
-2 1
+2 1 1 1
+15 1

fn=(582)
97 2
cfn=(584)
calls=1 -36 
* 570 80 28 3 2

fl=(131)
fn=(628)
176 4
-1 4
+1 2 2
+3 6 2
+5 2
-1 4
+1 2 2 2
+7 2
-4 2
+2 4
+2 2
+1 2
+1 4

fn=(624)
316 2
+2 7 2 1
+6 12 2
+3 4 2 1
+2 4 2
+6 4 2 2
+7 4
+1 2
-1 4 0 0 2 1
cfi=(132)
cfn=(626)
calls=2 539 
* 138 22 7 2 1
-24 2 1 1
+22 6 2 2

fn=(668)
639 4
+2 3 1 1
+6 3 1 1
+3 3 1 1
60 2 1
662 4

fn=(622)
380 15
+1 22 6 5
+3 5
+2 20
-3 5
+3 10
+3 18
-7 1
cob=(2)
cfi=(16)
cfn=(574)
calls=1 0 
* 133 30 12 1
* 5

fn=(642)
1049 2
-2 2
+2 2 2 2
+19 6 2 2
+2 2

fn=(954)
948 2
+3 1
-3 2
-50 1
+50 1
+3 1
cfn=(956) _IO_flush_all_lockp
calls=1 760 
* 90 22 15
-63 1
+63 1
-63 2 1 1
+10 3
+8 5 2
+2 2
+2 1
+1 1
-1 1
+2 2
+3 5 0 0 1 1
cfi=(132)
cfn=(958)
calls=1 450 
* 66 7 3 1 1
+2 3 1 1
+4 2 1
+7 3
-40 9 3 1
+2 6 3 1
+2 7 2 1
+6 12 4 2
+65 7
-42 3 1
+1 8 3 1

fn=(960)
522 4
+1 1
-1 2
+1 1 0 0 1 1
cfi=(132)
cfn=(962)
calls=1 868 
* 13 2 1
* 2 1
+9 1
-7 1
+7 1
-7 1 1 1
388 1
-5 1
+1 1
+4 1
535 1
+2 1
-2 2
+1 3
+2 4
381 1
527 1
+1 1
-1 1
+1 1
381 4 2 1

fn=(694)
425 54 27 6
-3 230
+8 168 42 3
+2 66
+3 44 22
+10 66 22 1
+5 66
-1 44 22 4
+1 39
-1 26 13 8
+2 66
+2 22
+2 179 42 7 19 1
cfi=(132)
cfn=(712)
calls=19 808 
* 627 152 2
* 38 19 2
+2 19
-2 38
+4 23
+1 23
-1 23
+1 123

fn=(592)
98 6 2 1
-1 2
+3 2
-3 1
+5 1
-2 1
+2 2 1 1
+1 10 3 2
+2 1
-2 1
+1 1
+1 1
-2 1
+2 1
-2 1
+2 13 4 1
+2 1
-2 1
+4 1
+2 1
-3 1
-1 1
+4 7 2 1
+2 1
-1 1
+1 8 3 2
+1 2 1 1
+3 5
-15 7 0 0 1 1
cob=(5)
cfi=(133)
cfn=(594)
calls=1 -74 
* 14 1
* 1
+9 7 2 2
+3 6 0 0 1 1
cob=(5)
cfi=(133)
cfn=(596)
calls=1 -49 
* 8 2
+3 1

fn=(612)
467 39 0 0 13 1
cfi=(132)
cfn=(614)
calls=13 1360 
* 1463 383 98 7 4

fn=(656)
60 4 2 1
-1 4
+5 3 1 1
+1 10 3 2
+2 1
-2 1
+1 1
+1 1
-2 1
+2 1
-2 1
+2 1 1 1
+4 2 1 1
+13 1
+2 1
-2 1
+2 1 1 1
+2 1
-1 1
+1 8 3 2
+1 2 1 1
+3 5
-6 2
-17 3 1 1
-5 7 0 0 1 1
cob=(5)
cfi=(133)
cfn=(594)
calls=1 -36 
* 14 1
* 1
+25 6 0 0 1 1
cob=(5)
cfi=(133)
cfn=(596)
calls=1 -24 
* 8 2
+3 1
-19 1
+1 1
-1 2

fn=(956)
760 8
+6 3 1 1
+11 2
+16 2
-17 2
-1 2
+1 3 2 2
-1 1
+1 1 1 1
+3 9 3 3
+10 6 3 3
+4 3
-2 3
+2 6 3
+7 3
-27 6 3 2
+31 2 1 1
+2 2 1 1
+4 9
-38 1
-6 1
+5 1
+2 2 1 1
+6 12 3

fn=(588) _IO_old_init
586 3
-16 3
+1 3
+15 3
+5 3
-21 3
+2 3
+1 3
+1 3
+17 3
-16 3
+1 3
+1 3
+1 3
+1 3
+1 3
+2 3
+1 3
+1 3
+1 3
+6 3 3 1
+1 6

fn=(586)
599 27
+1 3
cfn=(588)
calls=3 -14 
* 69 3 1
+3 3
-2 3
+2 3 3 2
+2 1
+1 1
+1 1
+1 1
+1 1
+1 1
+1 1
+1 1
+1 1
+1 1
+1 1
+1 1
+2 1
+7 1
+1 6
-1 2
+1 12
-3 4

fn=(616)
395 4 2 2
-1 6
+3 8 2 2
+1 6 0 0 2 1
cfi=(138)
cfn=(618)
calls=2 95 
* 639 103 43 4 1
* 4 2
+3 8

fl=(152) /build/glibc-S7Ft5T/glibc-2.23/libio/vsnprintf.c
fn=(686) vsnprintf
95 8
+9 1
-5 1
+5 4 1
+6 6
cfi=(131)
cfn=(586)
calls=1 599 
* 44 2 1
+1 1
+2 4
-2 1
+1 1
+1 1
cfi=(153)
cfn=(688)
calls=1 -77 
* 53 3 2
+1 4
cfi=(154)
cfn=(690)
calls=1 1236 
* 2905 395 112 30 11
+2 3 1
+1 2
+2 7

fl=(107)
fn=(490)
26 1
+9 1
+1 2
+1 1
+4 1
+1 1
+1 1
+1 1
+1 1
+2 2
+2 1
+1 1
+1 1
+2 2
+2 1
+9 1
cfi=(108) /build/glibc-S7Ft5T/glibc-2.23/setjmp/sigjmp.c
cfn=(492) __sigjmp_save
calls=1 -36 
* 9 1 1

fl=(143)
fn=(646)
84 4 1
+1 1

fl=(120)
fn=(544)
34 2
+8 2
-8 6
+8 9 3 1
+4 4 2 1
+4 6 2 1
+12 5
-19 2
cfi=(121) /build/glibc-S7Ft5T/glibc-2.23/misc/../sysdeps/unix/sysv/linux/x86_64/brk.c
cfn=(546) brk
calls=1 -12 
* 12 2
* 4 1
+15 2
cfi=(121)
cfn=(546)
calls=1 -27 
* 12 2
* 2 1
+4 5

fl=(151)
fn=(684)
28 6 1 1
+4 1
+1 1
-1 5
+1 1
cfi=(152)
cfn=(686)
calls=1 +62 
* 3046 402 115 30 11
+4 2

ob=(14)
fl=(102)
fn=(750)
0 6 1
cfn=(754) 0x00000000004018c0
calls=1 0 
0 4 1 1
0 3

fn=(754)
0 4 1 1

fn=(460)
0 11
cob=(3)
cfi=(103)
cfn=(468)
calls=1 134 
0 110691 22324 3461 302 144
cob=(1)
cfi=(73)
cfn=(268)
calls=1 71 
0 1903 281 8 5 3
0 5 0 0 2 2

fn=(474)
0 15
cob=(2)
cfi=(16)
cfn=(476)
calls=1 0 
0 6 1 1
0 8 1 0 1 1
cfn=(480) 0x0000000000401960
calls=1 0 
0 11 1 1
0 4 0 0 1 1
cfi=(105) /tmp/gcc-20220426-4512-111m044/gcc-11.3.0/build/x86_64-pc-linux-gnu/libgcc/../../../libgcc/config/i386/crtfastmath.c
cfn=(486) set_fast_math
calls=1 84 
0 5
0 14 2 1

fn=(494)
0 11 1 1
cob=(3)
cfi=(49)
cfn=(564)
calls=1 30 
0 3
0 1 0 0 1 1
0 4
cob=(3)
cfi=(126)
cfn=(570)
calls=1 39 
0 9936 2004 449 41 14
cob=(1)
cfi=(73)
cfn=(268)
calls=1 71 
0 1768 265 8 4 2
0 5 0 0 2 1
0 20 14 10
cob=(3)
cfi=(49)
cfn=(564)
calls=1 30 
0 3
0 1 0 0 1
0 3
cob=(3)
cfi=(126)
cfn=(570)
calls=1 39 
0 1303 269 41 1 1
0 1 0 0 1 1
0 2
cob=(3)
cfi=(150)
cfn=(682)
calls=1 36 
0 3105 409 117 30 11
cob=(1)
cfi=(73)
cfn=(268)
calls=1 71 
0 1832 274 13 5 2
0 5 0 0 2 1
0 4
cob=(3)
cfi=(159)
cfn=(708)
calls=1 28 
0 2100 431 84 31 10
cob=(1)
cfi=(73)
cfn=(268)
calls=1 71 
0 1768 265 12 4 2
0 5 0 0 2 1
0 9
cob=(3)
cfi=(161)
cfn=(726)
calls=1 27 
0 1597 202 44 16 8
cob=(1)
cfi=(73)
cfn=(268)
calls=1 71 
0 1752 263 8 4 1
0 5 0 0 2 1
0 10 1
cob=(3)
cfi=(163)
cfn=(734)
calls=1 583 
0 2427 401 43 3 1
cob=(1)
cfi=(73)
cfn=(268)
calls=1 71 
0 1809 270 11 5 2
0 5 0 0 2 1
0 143 24 11
cob=(3)
cfi=(159)
cfn=(708)
calls=1 28 
0 1752 359 94 14 5
0 1 0 0 1 1
0 4
cob=(3)
cfi=(159)
cfn=(708)
calls=1 28 
0 903 146 31 8
0 1 0 0 1
0 4
cob=(3)
cfi=(159)
cfn=(708)
calls=1 28 
0 723 109 27 8
0 1 0 0 1
0 4
cob=(3)
cfi=(159)
cfn=(708)
calls=1 28 
0 734 112 11 8
0 1 0 0 1
0 4
cob=(3)
cfi=(159)
cfn=(708)
calls=1 28 
0 734 112 0 8
0 1 0 0 1
0 28 1 1
cob=(3)
cfi=(109)
cfn=(500)
calls=1 253 
0 65551 14492 2219 30 23
cob=(1)
cfi=(73)
cfn=(268)
calls=1 71 
0 1735 259 8 4 2
0 5 0 0 2 1
0 2
cob=(3)
cfi=(49)
cfn=(564)
calls=1 30 
0 3
cob=(1)
cfi=(73)
cfn=(268)
calls=1 71 
0 1814 267 13 6 4
0 5 0 0 2 1
0 2

fn=(480)
0 11 1 1

ob=(3)
fl=(55)
fn=(204)
54 11 2 1

fl=(108)
fn=(492)
28 1
+1 1
-1 2
+1 2 1 1
+5 3

fl=(121)
fn=(546)
31 16 2
+8 2
-6 4 2
+7 2

fl=(94)
fn=(370)
34 32
+1 4
cfi=(95)
cfn=(372)
calls=4 +31 
* 64 8
* 4
+4 28 8 2
+3 8 4 4
+49 36
-24 4
+6 4
+2 4
-3 4
+3 1080 272 4
+9 554 271 14
cfi=(111)
cfn=(506)
calls=3 +54 
* 12 3 2
* 6 3
+1 6 3
+1 6

fl=(153)
fn=(688)
36 16
+4 4 2 2
+6 10
cfi=(131)
cfn=(622)
calls=2 380 
* 36 2 2
+5 2
-3 2
+1 2
+1 2
+1 2 2
+2 2
+1 2
+1 2
+9 2
+1 12
-23 2
+1 8

fl=(135)
fn=(606)
35 5 2
+7 1

ob=(14)
fl=(105)
fn=(486)
84 1
+10 1
+2 2
+2 1

ob=(12)
fl=(99)
fn=(812) 0x0000000000012b00
0 9 1 1

fn=(426)
0 17 2 1

fn=(802)
0 8 2
cob=(2)
cfi=(16)
cfn=(808)
calls=1 0 
0 63 10 0 1 1
0 1
cfn=(812)
calls=1 0 
0 9 1 1
0 3

ob=(6)
fl=(90)
fn=(330)
0 6 1 1

fn=(932)
0 8 2
cob=(3)
cfi=(167)
cfn=(770)
calls=1 31 
0 62 10 1
cob=(1)
cfi=(73)
cfn=(268)
calls=1 71 
0 1826 270 16 4 2
0 5 0 0 2 2
0 1
cfn=(946) 0x0000000000002880
calls=1 0 
0 9 1 1
0 3

fn=(336)
0 17 2 1

fn=(946)
0 9 1 1

ob=(11)
fl=(98)
fn=(820)
0 8 2
cob=(2)
cfi=(16)
cfn=(826)
calls=1 0 
0 63 10 0 1 1
0 1
cfn=(830) 0x000000000000cd60
calls=1 0 
0 9 1 1
0 3

fn=(414)
0 17 2 1

fn=(830)
0 9 1 1

ob=(10)
fl=(97)
fn=(402)
0 17 2 1

fn=(848) 0x0000000000003850
0 9 1 1

fn=(838)
0 8 2
cob=(2)
cfi=(16)
cfn=(844)
calls=1 0 
0 63 10 0 1 1
0 1
cfn=(848)
calls=1 0 
0 9 1 1
0 3

ob=(9)
fl=(96)
fn=(866) 0x000000000001d920
0 9 1 1

fn=(856)
0 8 2 1
cob=(2)
cfi=(16)
cfn=(862)
calls=1 0 
0 63 10 0 1 1
0 1
cfn=(866)
calls=1 0 
0 9 1 1
0 3

fn=(390)
0 16 2 1

ob=(13)
fl=(101)
fn=(450)
0 17 2 1

fn=(776) 0x0000000000001050
0 9 1 1

fn=(762)
0 2 1

ob=(9)
fl=(96)
fn=(390)
0 1

ob=(13)
fl=(101)
fn=(762)
0 6 1
cob=(2)
cfi=(16)
cfn=(768)
calls=1 0 
0 63 10 2 1 1
0 1
cfn=(776)
calls=1 0 
0 9 1 1
0 3

totals: 726859 137379 9137 1633 575
