# callgrind format
version: 1
creator: callgrind-3.20.0.GIT
pid: 6722
cmd:  ./date_ex
part: 1


desc: I1 cache: 
desc: D1 cache: 
desc: LL cache: 

desc: Timerange: Basic block 0 - 40381
desc: Trigger: Program termination

positions: line
events: Ir Bc Bcm Bi Bim
summary: 189642 35319 4854 512 152


ob=(2) ???
fl=(16) ???
fn=(272) 0x0000000000401000
0 6 1 1

fn=(310) 0x0000000004a478a8
0 9 0 0 9 1
cob=(3) /lib/x86_64-linux-gnu/libc-2.23.so
cfi=(78) /build/glibc-S7Ft5T/glibc-2.23/malloc/malloc.c
cfn=(312) free
calls=9 2941 
0 566 113 43

fn=(214) 0x0000000004027000
0 6 1 1

fn=(530) 0x00000000004017b4
0 3

fn=(82) 0x0000000004000ab0
0 1 0 0 1 1
cob=(1) /lib/x86_64-linux-gnu/ld-2.23.so
cfi=(17) /build/glibc-S7Ft5T/glibc-2.23/elf/dl-minimal.c
cfn=(84) free
calls=1 120 
0 6 1

fn=(316) 0x0000000004a478a0
0 11 0 0 11 2
cob=(3)
cfi=(78)
cfn=(318) malloc
calls=11 2909 
0 61308 13784 2200 12 10

fn=(538) 0x0000000004027030
0 1 0 0 1 1
cob=(3)
cfi=(128) /build/glibc-S7Ft5T/glibc-2.23/stdlib/cxa_finalize.c
cfn=(540) __cxa_finalize
calls=1 31 
0 56 8 3

fn=(552) 0x00000000040272b8
0 3

ob=(3)
fl=(123) /build/glibc-S7Ft5T/glibc-2.23/libio/iovsprintf.c
fn=(498) vsprintf
32 2
+7 1
-7 3
+7 1
-7 3
+7 3
-2 1
+2 1
cfi=(90) /build/glibc-S7Ft5T/glibc-2.23/libio/genops.c
cfn=(356) _IO_no_init
calls=1 599 
* 44 2 2
+1 1
+1 4
-1 1
+1 1
cfi=(113) /build/glibc-S7Ft5T/glibc-2.23/libio/strops.c
cfn=(456) _IO_str_init_static_internal
calls=1 -5 
* 53 3 2
+1 4
cfi=(114) /build/glibc-S7Ft5T/glibc-2.23/stdio-common/vfprintf.c
cfn=(458) vfprintf
calls=1 1236 
* 1445 195 43 16 8
* 1
+1 4 1 1
+2 7

fl=(76) /build/glibc-S7Ft5T/glibc-2.23/stdlib/getenv.c
fn=(306) getenv
34 24
+1 3
cfi=(77) /build/glibc-S7Ft5T/glibc-2.23/string/../sysdeps/x86_64/strlen.S
cfn=(308) strlen
calls=3 +31 
* 48 6
* 3
+4 21 6
+3 6 3 3
+49 27
-24 3
+6 3
+2 3
-3 3
+3 810 204 6
+9 402 201 11

fl=(118) /build/glibc-S7Ft5T/glibc-2.23/libio/iopadn.c
fn=(470) _IO_padn
37 6
+8 3
-8 12
+7 6 3 1
+2 2
+1 2
-1 2 2 2
+8 15 3
+8 6 3
+2 15 0 0 3 1
cfi=(90)
cfn=(462) _IO_default_xsputn
calls=3 425 
* 134 19 2
+4 3
-3 3
+3 18

fl=(61) /build/glibc-S7Ft5T/glibc-2.23/ctype/ctype-info.c
fn=(236) __ctype_init
31 5
+2 1
+2 1
-4 1
+4 1
-4 1
+2 3
+2 3

fl=(46) /build/glibc-S7Ft5T/glibc-2.23/string/../sysdeps/x86_64/multiarch/strcmp.S
fn=(186) strncasecmp
129 1
+1 1
+1 1
+1 1 1 1
+10 1

fn=(176) strcasecmp
109 1
+1 1
+1 1
+1 1 1 1
+10 1

fl=(87) /build/glibc-S7Ft5T/glibc-2.23/string/../sysdeps/x86_64/multiarch/../memcpy.S
fn=(348) __GI_memcpy
61 20
+2 20
+2 20 20 3
+3 20
+1 20 20 7
+2 8
+1 8
+2 8
+1 8
+5 8
+1 8 8 1
-1 12
+1 12 12 6
+2 7
+1 7
+2 7
+1 14
+5 7
+1 7 7 4
-1 13
+1 13 13 1
+2 16
+1 16
+2 16
+1 16
+5 16
+1 16 16 8
-1 4
+1 4 4 1
+2 6
+1 6
+2 6
+1 6
+5 6
+1 6 6 5
-1 14
+1 16 14 6
+5 2
+1 2
+1 2
+1 2
+2 2
+2 2
+1 2
+2 2 2
+8 20
+8 3
+6 3
+2 3
+1 3 3 2
+3 1
+1 3
+5 1
+1 1
+2 1
+2 1
+1 1
+2 1 1 1
-8 3
+1 3
+2 3
+2 3
+1 3
+2 5 3 2
+9 1
+1 1 1 1
-1 2
+1 2 2 1
+3 2
+1 2
+1 2 2
+5 2
+2 2
+1 2
+1 2
+1 2
+2 2
+1 2
+1 2
+1 2
+2 2
+1 2
+2 2 2 2
+22 2
+6 2
+1 2 2 2
+19 1
+1 1
+1 1
+5 1
+1 1
+4 1
+1 1 1
+2 156 156 10
+1 1
+6 1
+1 1
+1 1 1
+3 1
+6 1
+1 1 1 1

fl=(90)
fn=(362) _IO_link_in
98 6 2 1
-1 2
+3 2
-3 1
+5 1
-2 1
+2 5 1
+1 10 3 2
+2 1
-2 1
+1 1
+1 1
-2 1
+2 1
-2 1
+2 13 4 2
+2 1
-2 1
+4 1
+2 1
-3 1
-1 1
+4 7 2 1
+2 1
-1 1
+1 8 3 2
+1 2 1
+3 5
-6 7 2 2

fn=(408) _IO_unsave_markers
1049 2
-2 2
+2 2 2 2
+19 6 2 2
+2 2

fn=(422) _IO_un_link
60 4 2 1
-1 4
+5 6 1
+1 10 3 2
+2 1
-2 1
+1 1
+1 1
-2 1
+2 1
-2 1
+2 1 1 1
+4 2 1 1
+13 1
+2 1
-2 1
+2 1 1 1
+2 1
-1 1
+1 8 3 2
+1 2 1
+3 5
-6 2
-17 3 1 1
+4 1
+1 1
-1 2

fn=(554) _IO_cleanup
948 2
+3 1
-3 2
-50 1
+50 1
+3 1
cfn=(556) _IO_flush_all_lockp
calls=1 760 
* 90 22 15
-63 1
+63 1
-63 2 1 1
+10 3
+8 5 2
+2 2
+2 1
+1 1
-1 1
+2 2
+3 5 0 0 1 1
cfi=(91) /build/glibc-S7Ft5T/glibc-2.23/libio/fileops.c
cfn=(558) _IO_file_setbuf@@GLIBC_2.2.5
calls=1 450 
* 66 7 3 1 1
+2 3 1 1
+4 2 1 1
+7 3
-40 9 3 1
+2 6 3 1
+2 7 2 1
+6 12 4 2
+65 7
-42 3 1
+1 8 3 1

fn=(560) _IO_default_setbuf
522 4
+1 1
-1 2
+1 1 0 0 1 1
cfi=(91)
cfn=(562) _IO_file_sync@@GLIBC_2.2.5
calls=1 868 
* 13 2 1
* 2 1
+9 1
-7 1
+7 1
-7 1 1 1
388 1
-5 1
+1 1
+4 1
535 1
+2 1
-2 2
+1 3
+2 4
381 1
527 1
+1 1
-1 1
+1 1
381 4 2 1

fn=(358) _IO_old_init
586 3
-16 3
+1 3
+15 3
+5 3
-21 3
+2 3
+1 3
+1 3
+17 3
-16 3
+1 3
+1 3
+1 3
+1 3
+1 3
+2 3
+1 3
+1 3
+1 3
+6 3 3 2
+1 6

fn=(382) _IO_doallocbuf
395 4 2 2
-1 6
+3 8 2 2
+1 6 0 0 2 1
cfi=(96) /build/glibc-S7Ft5T/glibc-2.23/libio/filedoalloc.c
cfn=(384) _IO_file_doallocate
calls=2 95 
* 754 135 49 4 1
* 4 2
+3 8

fn=(356)
599 27
+1 3
cfn=(358)
calls=3 -14 
* 69 3 2
+3 3
-2 3
+2 3 3 2
+2 1
+1 1
+1 1
+1 1
+1 1
+1 1
+1 1
+1 1
+1 1
+1 1
+1 1
+1 1
+2 1
+7 1
+1 6
-1 2
+1 12
-3 4

fn=(394) _IO_switch_to_get_mode
176 4
-1 4
+1 2 2
+3 6 2
+5 2
-1 4
+1 2 2 2
+7 2
-4 2
+2 4
+2 2
+1 2
+1 4

fn=(556)
760 8
+6 3 1 1
+11 2
+16 2
-17 2
-1 2
+1 3 2 2
-1 1
+1 1 1 1
+3 9 3 3
+10 6 3 3
+4 3
-2 3
+2 6 3
+7 3
-27 6 3 2
+31 2 1 1
+2 2 1 1
+4 9
-38 1
-6 1
+5 1
+2 2 1 1
+6 12 3

fn=(390) __underflow
316 2
+2 7 2 1
+6 12 2
+3 4 2 1
+2 4 2
+6 4 2 2
+7 4
+1 2
-1 4 0 0 2 1
cfi=(91)
cfn=(392) _IO_file_underflow@@GLIBC_2.2.5
calls=2 539 
* 138 22 7 2 1
-24 2 1 1
+22 6 2 2

fn=(388) _IO_setb
380 15
+1 22 6 5
+3 5
+2 20
-3 5
+3 10
+3 18
-7 1
cob=(2)
cfi=(16)
cfn=(310)
calls=1 0 
* 133 30 12 1
* 5

fn=(434) _IO_default_finish
639 4
+2 3 1 1
+6 3 1 1
+3 3 1 1
60 2 1
662 4

fn=(462)
425 52 26 5
-3 220
+8 164 41 3
+2 63
+3 42 21
+10 63 21 1
+5 63
-1 42 21 4
+1 42
-1 28 14 7
+2 63
+2 21
+2 177 41 7 19 1
cfi=(91)
cfn=(480) _IO_file_overflow@@GLIBC_2.2.5
calls=19 808 
* 627 152 1
* 38 19
+2 19
-2 38
+4 22
+1 22
-1 22
+1 118

fn=(378) _IO_sgetn
467 39 0 0 13 1
cfi=(91)
cfn=(380) _IO_file_xsgetn
calls=13 1360 
* 1463 383 102 7 4

fl=(84) /build/glibc-S7Ft5T/glibc-2.23/malloc/morecore.c
fn=(342) __default_morecore
46 2
+1 2
cfi=(85) /build/glibc-S7Ft5T/glibc-2.23/misc/sbrk.c
cfn=(344) sbrk
calls=2 -13 
* 73 13 3
+1 6
+4 4

fl=(88) /build/glibc-S7Ft5T/glibc-2.23/time/tzfile.c
fn=(350) __tzfile_read
104 27
+20 3
-10 3
+3 3
+5 3
+2 3 3
+3 12 3 2
543 24
136 12 3 2
+24 6 3 2
+1 8
cfi=(109) /build/glibc-S7Ft5T/glibc-2.23/io/../sysdeps/unix/sysv/linux/wordsize-64/xstat.c
cfn=(444) _xstat
calls=2 34 
* 20 4
* 4 2
+1 6 2 2
+6 3
cfi=(89) /build/glibc-S7Ft5T/glibc-2.23/libio/iofopen.c
cfn=(352) fopen@@GLIBC_2.2.5
calls=1 -71 
* 538 77 31 1
+1 1
-1 1
+1 1 1
+4 2
cfi=(93) /build/glibc-S7Ft5T/glibc-2.23/libio/fileno.c
cfn=(372) fileno
calls=1 35 
* 6 2
* 4
cfi=(94) /build/glibc-S7Ft5T/glibc-2.23/io/../sysdeps/unix/sysv/linux/wordsize-64/fxstat.c
cfn=(374) _fxstat
calls=1 34 
* 10 2
* 2 1
+6 2
-64 1
+64 1
cob=(2)
cfi=(16)
cfn=(310)
calls=1 0 
* 18 2 1 1
+4 1
-3 1
+3 1
+1 2
+1 1
+3 1
-3 1
+6 5
cfi=(95) /build/glibc-S7Ft5T/glibc-2.23/libio/iofread_u.c
cfn=(376) fread_unlocked
calls=1 34 
* 493 80 42 6 5
* 5
cfi=(95)
cfn=(376)
calls=1 34 
* 222 41 20 3
* 4 2
+2 8
cfi=(97) /build/glibc-S7Ft5T/glibc-2.23/string/../sysdeps/x86_64/multiarch/../memcmp.S
cfn=(398) __GI_memcmp
calls=2 24 
* 44 16 8
* 4 2
fi=(98) /build/glibc-S7Ft5T/glibc-2.23/time/../sysdeps/x86/bits/byteswap.h
47 16
fe=(88)
197 2
fi=(98)
47 2
fe=(88)
201 4
-1 2
fi=(98)
47 10
fe=(88)
196 2
fi=(98)
47 2
fe=(88)
199 2
+4 2
-7 2
+1 2
+1 2
+1 2
+4 2 2
+4 4 2 1
+1 2 1
+12 6
-9 1
+9 4
cfi=(99) /build/glibc-S7Ft5T/glibc-2.23/libio/fseek.c
cfn=(402) fseek
calls=1 32 
* 110 17 10 2 2
* 2 1 1
-74 9 3
+16 6 2
+1 6 2
534 3
-1 3
+1 3
cob=(2)
cfi=(16)
cfn=(310)
calls=3 0 
* 54 6 3 3
* 4
226 3 1
+5 2
+3 5 1
+3 3
+1 4 1
+2 1
+1 2 1
+3 3
+3 4 1
+3 1
+1 1
-1 2
+2 1
-2 2
+2 2 1 1
+25 10 1
+5 4
cob=(2)
cfi=(16)
cfn=(316)
calls=1 0 
* 186 29 15 1
+1 1
-1 1
+1 1 1
+5 1
+1 1
-3 1
+5 3
-3 1
+1 1
+2 1
-2 1
-3 1
+5 1
-2 1
+1 1
-2 1
-2 1
+4 1
+1 1 1 1
+19 1
cfi=(95)
cfn=(376)
calls=1 34 
* 291 176 21 1
+1 1
-1 5 1
+7 2 1
+1 7 1
-1 278 139 1
+1 555 138 5
-23 5 1
+5 5
+21 4 1
fi=(98)
111 3
fe=(88)
338 1
-1 2 1 1
fi=(98)
111 414
fe=(88)
338 138
-1 276 138 9
+4 9 1
+4 5
cfi=(95)
cfn=(376)
calls=1 34 
* 76 11 7 1
* 35
cfi=(95)
cfn=(376)
calls=7 34 
* 532 77 13 7
* 16 8
fi=(104) /build/glibc-S7Ft5T/glibc-2.23/time/../libio/bits/stdio.h
65 48 8
fe=(88)
350 16 8
+2 32
fi=(104)
65 48 8
fe=(88)
354 24 8
+3 8
-16 16
+16 8
fi=(98)
47 16
fe=(88)
358 16
-17 13 8 3
+20 8
cfi=(95)
cfn=(376)
calls=1 34 
* 85 12 8 1
* 5 1
+6 8
-3 2 1 1
254 8
cfi=(102) /build/glibc-S7Ft5T/glibc-2.23/libio/ftello.c
cfn=(414) ftello
calls=1 35 
* 68 12 7 1
+1 3 1
+2 1
-1 1
+2 5
-3 2 1
+8 1
-3 1
+3 3 1
+1 1
-1 2 1
+4 1
-1 2
+1 2 1
+3 5 2
+2 1
+1 10 2 1
+23 8
fi=(104)
65 48 8
fe=(88)
385 40
-5 26 9 7
+7 1
+1 3
-1 2 1 1
-4 2
+7 18 9 1
fi=(104)
65 48 8
fe=(88)
395 32
-5 16
+7 4 1 1
+4 2 1
fi=(104)
65 6 1
fe=(88)
404 2 1
+58 2
+3 1
-3 1
cfi=(105) /build/glibc-S7Ft5T/glibc-2.23/libio/iofclose.c
cfn=(420) fclose@@GLIBC_2.2.5
calls=1 39 
* 511 103 49 4 2
* 2
+3 18 9 1
+1 8
-1 8
+1 40
cfi=(75) /build/glibc-S7Ft5T/glibc-2.23/time/tzset.c
cfn=(436) __tzstring
calls=8 128 
* 1868 357 89 4
* 8
-61 8
cfi=(95)
cfn=(376)
calls=1 34 
* 89 12 6 1
* 3 1
+4 2
+50 1
-50 1
+50 3 2
+12 1
+2 3
+11 1
-13 1
+1 1
+1 4 2
+2 4
+1 8
+2 2
-2 2
+2 2 2
+4 8
cfi=(75)
cfn=(436)
calls=2 128 
* 270 61 9
* 4
+2 10 2 1
+4 3 1
+7 2 1 1
847 10
+5 13
-1 34 17 11
+2 16 4 2
+1 2
+2 12 4 3
500 3 1 1
+29 4
+1 1
-1 1
+1 3
-15 3
-9 2
+9 2
-10 2
+5 9 3 1
+3 2
-1 1
+8 4 2 1
+3 2 1 1
-8 7 2
+3 2
-1 10 2

fn=(438) __tzfile_compute
643 36
+3 4
-3 4
+3 8 4
+5 4
-3 4
+3 4
-3 4
+1 4
+2 20 8
+30 12 4 2
+42 8
-5 4
+5 24
+1 8 4 2
+42 24
+1 4
-1 4
+1 8
cfi=(75)
cfn=(436)
calls=4 128 
* 324 68 13
+2 4
-2 12
+2 8 4 2
+3 16
+3 4
-3 4
+3 4 4
+2 16
cfi=(75)
cfn=(436)
calls=4 128 
* 756 176 18
* 12
+2 20 4 2
+7 28 4
+7 20
+1 4
+2 4
-3 4
+1 8
+2 4 4
+7 8 4
+3 8
+1 20
cfi=(107) /build/glibc-S7Ft5T/glibc-2.23/string/../sysdeps/x86_64/multiarch/../strcmp.S
cfn=(440) __GI_strcmp
calls=4 144 
* 96 12 2
* 8 4
+2 4
-1 4
+1 16
+4 4
+8 8
-7 4
+7 12
-2 8 4
+20 32
726 16
+1 12 4 2
+2 4 2 2
+3 6 2 2
+8 6 2 2
-8 4
+12 2
-1 6 2
-3 6 2
-11 4 2 2
+98 8

fl=(119) /build/glibc-S7Ft5T/glibc-2.23/stdio-common/printf.c
fn=(476) printf
28 112 14 4
+4 14
+1 28
-1 70
+1 42
cfi=(114)
cfn=(458)
calls=14 1236 
* 11795 2108 277 97 13
+4 28

fl=(125) /build/glibc-S7Ft5T/glibc-2.23/stdlib/exit.c
fn=(512) exit
104 1
-1 1
+1 2
cfn=(514) __run_exit_handlers
calls=1 -69 
* 889 166 67 11 11

fn=(514)
35 8
+5 1
cfi=(126) /build/glibc-S7Ft5T/glibc-2.23/stdlib/cxa_thread_atexit_impl.c
cfn=(516) __call_tls_dtors
calls=1 145 
* 11 1 1
* 1
+6 8 1
+4 6 2 1
+3 1
-1 1
+2 5 2 1
+33 1
+1 1
-1 1
+1 1 1
+6 2 1
+1 5 1 0 1 1
cfi=(90)
cfn=(554)
calls=1 948 
* 248 50 27 2 2
* 3 1
+2 2
cfi=(130) /build/glibc-S7Ft5T/glibc-2.23/posix/../sysdeps/unix/sysv/linux/_exit.c
cfn=(564) _Exit
calls=1 -70 
* 5
-19 1
+4 1
-4 1
+2 1
+2 1
-2 2
+2 1 0 0 1 1
cob=(1)
cfi=(127) /build/glibc-S7Ft5T/glibc-2.23/elf/dl-fini.c
cfn=(518) _dl_fini
calls=1 +48 
* 569 106 37 7 7
+1 1

fl=(126)
fn=(516)
145 3
+1 4 1 1
+18 4

fl=(108) /build/glibc-S7Ft5T/glibc-2.23/time/offtime.c
fn=(442) __offtime
30 20
+4 36
+1 8
+2 8 4 2
+10 32
+1 8
+1 32
+1 8
-1 4
+1 4
+2 4
-2 4
+2 4
-2 4
+2 32
+1 12 4
+1 4
+1 4
+5 4
+3 4
-3 4
+3 60
+3 324
+3 4
-3 12
-6 64 24 6
+11 4
+1 4
-1 4
+1 12 4 2
-30 12 4
+37 8
-1 4
+1 24 4 2
+1 140 34 14
+4 4
-1 4
+2 4
-1 4
+2 4
-2 4
+2 16

fl=(109)
fn=(444)
34 2
-1 2
+1 2 2
+1 12 2
+4 2

fl=(74) /build/glibc-S7Ft5T/glibc-2.23/time/localtime.c
fn=(510) localtime_r
29 2
+1 4
cfi=(75)
cfn=(304) __tz_convert
calls=2 610 
* 1476 224 25

fn=(302) localtime
39 6
cfi=(75)
cfn=(304)
calls=2 610 
* 70391 15681 2582 52 21

fl=(99)
fn=(402)
32 1
+3 1
-3 2
+3 2 1 1
+1 4
cfi=(100) /build/glibc-S7Ft5T/glibc-2.23/libio/ioseekoff.c
cfn=(404) _IO_seekoff_unlocked
calls=1 +4 
* 91 15 9 2 2
* 4
fi=(106) /build/glibc-S7Ft5T/glibc-2.23/libio/libioP.h
866 2 1
fe=(99)
39 3

fl=(80) /build/glibc-S7Ft5T/glibc-2.23/malloc/hooks.c
fn=(320) malloc_hook_ini
29 4
fi=(81) /build/glibc-S7Ft5T/glibc-2.23/malloc/arena.c
260 1
fe=(80)
30 1
fi=(81)
260 1
fe=(80)
30 1
fi=(81)
260 1 1 1
fi=(78)
2918 7 2 1
+2 3
cfn=(336) _int_malloc
calls=1 3326 
* 1039 186 28 2 2
+3 1
-3 1
+3 1 1
+8 4 2 2
+2 11 4 1
fe=(80)
33 4
fi=(78)
2918 6 2 2
+12 1
cfi=(81)
cfn=(324) ptmalloc_init.part.5
calls=1 258 
* 58140 13212 2033 9 7
* 1
-15 2 1 1
fe=(80)

fl=(110) /build/glibc-S7Ft5T/glibc-2.23/time/asctime.c
fn=(450) asctime
36 2 1
+50 1
-37 3 1
+10 1
-3 12 1
+1 1
-1 12 1 1
cfi=(111) /build/glibc-S7Ft5T/glibc-2.23/stdio-common/snprintf.c
cfn=(452) snprintf
calls=1 -28 
* 2989 393 105 29 11
+7 3 1
+2 2 1
+3 1
+20 2
-32 3

fl=(93)
fn=(372)
35 5 2
+7 1

fl=(70) /build/glibc-S7Ft5T/glibc-2.23/setjmp/../sysdeps/x86_64/bsd-_setjmp.S
fn=(282) _setjmp
30 1
+2 1
cfi=(71) /build/glibc-S7Ft5T/glibc-2.23/setjmp/../sysdeps/x86_64/setjmp.S
cfn=(284) __sigsetjmp
calls=1 -6 
* 28 1 1

fl=(91)
fn=(482) _IO_do_write@@GLIBC_2.2.5
494 21 7 3
+1 1
-3 48
+11 12 6
+7 24 6 2
+8 30 0 0 6 1
cfn=(486) _IO_file_write@@GLIBC_2.2.5
calls=6 1258 
* 264 42 4
* 6
+1 30 12
+6 6
-4 6
+4 6
-4 18
+1 12
+3 6 6 2
-2 6
-29 24
+1 36
+29 12 6 1

fn=(392)
539 6 2
+6 6 2
-14 8
+17 4 2
+13 4 2 2
+20 4
cfi=(90)
cfn=(394)
calls=2 176 
* 40 6 2
+6 2
+5 8
-5 4
+1 2
+2 2
-1 4
+3 2 0 0 2 1
cfn=(396) _IO_file_read
calls=2 1216 
* 16 4 2
+2 4 2
+16 2
-9 2
+9 4 2 1
+1 2
+1 2
+1 4
-1 2
+1 4

fn=(478) _IO_file_xsputn@@GLIBC_2.2.5
1287 46
-1 92 46 1
-6 450
+13 180 45 11
+17 4 1 1
+4 44
+5 176
cfi=(120) /build/glibc-S7Ft5T/glibc-2.23/string/../sysdeps/x86_64/memcpy.S
cfn=(484) __GI_mempcpy
calls=44 61 
* 878 266 40
* 44
+6 44
-1 44
+1 88
+2 88 44 4
+27 90
+1 361
-24 5 0 0 1 1
cfn=(480)
calls=1 808 
* 576 111 36 3
* 2 1
+6 14
+1 21 7 3
+2 21 7
+11 14 7 2
+1 4
cfi=(90)
cfn=(462)
calls=1 425 
* 957 212 5 19 1
* 2
-57 132
+1 88 44
+3 132 44
+2 387 127 14
-2 318 121 26
+39 28
-35 6
+11 30 6 3
+17 24 0 0 6 1
cfn=(480)
calls=6 808 
* 696 108 15 6 1
* 12 6 2

fn=(386) _IO_file_stat
1229 2
+1 6
cfi=(94)
cfn=(374)
calls=2 34 
* 20 4

fn=(480)
808 78 26
+7 26
-8 130
+8 126 51 2
+35 52 26 4
+3 38 19
+3 57
+1 57 19
+1 76 38
+4 19
+1 76
-45 2 1 1
+12 2 1
+9 4 1
+8 1
-4 1
+3 2
-2 2
-3 1
+1 2
+5 1
-1 1
+1 3 2
+1 2
+3 14
+12 21
-12 7
cfn=(482)
calls=7 494 
* 568 85 12 6 1
-31 2
cfi=(90)
cfn=(382)
calls=1 395 
* 522 102 33 3
+1 6

fn=(562)
868 1
+5 1
-5 1
+5 3 1 1
+2 1
+1 2 1
+17 2
+4 2

fn=(380)
1360 91
+7 13
-7 13
+7 13 13 4
+11 52 13
+2 39
+1 26 13 6
-1 6
+1 4 2 2
+8 4 2
+13 4 2
+9 6 2
+1 8 2 2
-34 4 2 2
+6 13
+68 13
+1 13
-1 13
+1 65
-70 39
cfi=(87)
cfn=(348)
calls=13 61 
* 527 255 49
+1 26
+30 4
cfi=(90)
cfn=(390)
calls=2 316 
* 189 35 14 4 2
* 4 2 2
-44 3 1 1
+5 2
cfi=(90)
cfn=(382)
calls=1 395 
* 268 39 20 3 2
* 1

fn=(424) _IO_file_close_it@@GLIBC_2.2.5
160 3 1
-2 2
+9 1
-9 1
+5 5 1
+6 1
+3 1
-3 1
cfi=(90)
cfn=(408)
calls=1 1049 
* 7 2 2
+3 2 1 1
+4 3 1 1
+9 5
cfi=(90)
cfn=(388)
calls=1 380 
* 162 32 13 1
+1 2
+3 1
-3 1
+1 3
+2 1
cfi=(90)
cfn=(422)
calls=1 60 
* 3 1 1
+5 2
-4 1
+1 1
+1 1
+2 1
+1 4
-23 3 0 0 1 1
cfn=(426) _IO_file_close
calls=1 1250 
* 6 1 1
* 2

fn=(486)
1258 6
-2 36
+2 24 6
+4 12
+1 12 6 2
+10 18 6 2
+3 36
-13 24
cfi=(121) /build/glibc-S7Ft5T/glibc-2.23/io/../sysdeps/unix/syscall-template.S
cfn=(488) write
calls=6 84 
* 42 12
+1 12 6
+5 6
+1 6
-12 30 6

fn=(410) _IO_file_seek
1223 2
cfi=(101) /build/glibc-S7Ft5T/glibc-2.23/misc/../sysdeps/unix/syscall-template.S
cfn=(412) lseek
calls=1 84 
* 5 1

fn=(426)
1250 5 1 1
+1 1

fn=(366) _IO_file_open
214 6
+3 2 1
+1 6 1
+7 2 1
+3 2
+3 1
-3 1
-1 1
+1 2
+3 1
-3 1
+3 1 1
+10 2
cfi=(90)
cfn=(362)
calls=1 98 
* 4 1 1
+1 1
+1 4

fn=(396)
1216 4 2
-1 10 2 2
+2 2

fn=(364) _IO_file_fopen@@GLIBC_2.2.5
249 7
+11 2 1
+2 3 1 1
+25 20 8 3
+41 6
cfn=(366)
calls=1 214 
* 37 5 1
+3 1
-3 1
+3 1 1
+17 3
cfi=(92) /build/glibc-S7Ft5T/glibc-2.23/string/../string/strstr.c
cfn=(368) __GI_strstr
calls=1 53 
* 47 6 2
+1 1
-1 1
+1 1 1 1
-62 6 3
+30 1
+2 2
-53 1
-1 1
-15 2
425 1
-76 1
+76 7
313 3

fn=(558)
450 2
+1 1
cfi=(90)
cfn=(560)
calls=1 +71 
* 51 6 3 1 1
* 2 1
+4 2
-1 2
+2 3
+2 1
+1 2

fn=(360) _IO_file_init@@GLIBC_2.2.5
144 2
+4 1
-4 2
+5 1
-1 1
+3 1
cfi=(90)
cfn=(362)
calls=1 -53 
* 81 17 9
+1 1
+1 4

fn=(406) _IO_file_seekoff@@GLIBC_2.2.5
986 14
+8 4 2 1
+6 8 1
+3 2 1 1
+25 2 1 1
+89 2
cfi=(90)
cfn=(408)
calls=1 -68 
* 7 2 2
+1 6 0 0 1 1
cfn=(410)
calls=1 1223 
* 7 1
+1 2 1
+4 1
-2 1
+3 1
-2 1
+1 3
+1 3
+13 16
1003 2 1 1
+12 2 1 1
+17 2
+2 1
-2 1
+2 2 1 1
932 2 1
+2 2
+2 2
+5 3 1 1
+10 2 1
+1 2
+13 2 1
+10 2 1 1

fn=(432) _IO_file_finish@@GLIBC_2.2.5
200 1
+1 1
-1 1
+1 1 1 1
+6 2
+1 1
-1 1
cfi=(90)
cfn=(434)
calls=1 639 
* 19 4 3

fl=(97)
fn=(398)
24 41
+1 41 41
+1 41
+1 41 41 1
+1 41
+1 41
+1 41
+1 41 41
+3 41
+1 41 41 4
+1 32
+1 32
+1 32
+1 32 32
+1 32
+1 32
+1 32 32 23
+2 24
+1 24 24 2
+1 15
+1 15
+1 15
+1 15 15 2
+5 9
+1 9 9
+1 9
+1 9
+1 9
+1 9 9 2
+35 17
+4 24
+1 24 24 9
+1 8
+1 8
+1 8
+1 8
+1 8
+1 8
+1 8
+1 8
+1 8
+1 8
+1 8
+4 16
+1 16

fl=(112) /build/glibc-S7Ft5T/glibc-2.23/libio/vsnprintf.c
fn=(454) vsnprintf
95 8
+9 1
-5 1
+5 4 1
+6 6
cfi=(90)
cfn=(356)
calls=1 599 
* 44 2 2
+1 1
+2 4
-2 1
+1 1
+1 1
cfi=(113)
cfn=(456)
calls=1 -77 
* 53 3 2
+1 4
cfi=(114)
cfn=(458)
calls=1 1236 
* 2832 385 100 29 11
+2 3 1
+1 2
+2 7

fl=(71)
fn=(284)
26 1
+9 1
+1 2
+1 1
+4 1
+1 1
+1 1
+1 1
+1 1
+2 2
+2 1
+1 1
+1 1
+2 2
+2 1
+9 1
cfi=(72) /build/glibc-S7Ft5T/glibc-2.23/setjmp/sigjmp.c
cfn=(286) __sigjmp_save
calls=1 -36 
* 9 1 1

fl=(56) /build/glibc-S7Ft5T/glibc-2.23/csu/../csu/init-first.c
fn=(226) _init
52 8
+6 3 1 1
+14 1
fi=(58) /build/glibc-S7Ft5T/glibc-2.23/csu/../sysdeps/unix/sysv/linux/x86_64/init-first.c
-36 1
fe=(56)
+34 1
+1 1
fi=(58)
-35 3
fe=(56)
+36 1
fi=(58)
-36 3
fi=(57) /build/glibc-S7Ft5T/glibc-2.23/csu/../sysdeps/generic/dl-hash.h
+12 3
+14 4
-17 3 1 1
+3 9
+14 12
-17 9 3 2
fi=(58)
-9 3 1
+2 2
-2 1
+2 2
cfi=(49) /build/glibc-S7Ft5T/glibc-2.23/elf/../sysdeps/unix/sysv/linux/dl-vdso.c
cfn=(182) _dl_vdso_vsym
calls=1 -11 
* 6 1 1
+1 2 1 1
+5 2
-3 2
+1 1
+2 1
cfi=(49)
cfn=(182)
calls=1 -17 
* 6 1 1
fe=(56)
+42 3
fi=(58)
-41 2
+1 1
fe=(56)
+40 1
cfi=(59) /build/glibc-S7Ft5T/glibc-2.23/misc/init-misc.c
cfn=(232) __init_misc
calls=1 -55 
* 48 5
+8 1
cfi=(61)
cfn=(236)
calls=1 -63 
* 16
+5 6
-34 1
-7 1
+7 4 1 1
fi=(58)
-25 2
fe=(56)

fl=(95)
fn=(376)
34 26
+5 13
-5 13
+1 26
+3 26 13 8
+4 78
-2 52
cfi=(90)
cfn=(378)
calls=13 467 
* 1502 383 102 20 5
+1 52 13 7

fl=(111)
fn=(452)
28 6 1 1
+4 1
+1 1
-1 5
+1 1
cfi=(112)
cfn=(454)
calls=1 +62 
* 2973 392 104 29 11
+4 2

fl=(50) /build/glibc-S7Ft5T/glibc-2.23/string/../sysdeps/x86_64/multiarch/strcspn.S
fn=(188) strpbrk
45 1
+1 1
+1 1
+1 1 1
+1 1
+1 1

fn=(184) strcspn
45 1
+1 1
+1 1
+1 1 1
+1 1
+1 1

fl=(72)
fn=(286)
28 1
+1 1
-1 2
+1 2 1 1
+5 3

fl=(64) /build/glibc-S7Ft5T/glibc-2.23/elf/dl-altinit.c
fn=(246) dlinit_alt
33 3 1 1
+1 1

fl=(113)
fn=(456)
36 16
+4 4 2 2
+6 10
cfi=(90)
cfn=(388)
calls=2 380 
* 36 2 2
+5 2
-3 2
+1 2
+1 2
+1 2 2
+2 2
+1 2
+1 2
+9 2
+1 12
-23 2
+1 8

fl=(79) /build/glibc-S7Ft5T/glibc-2.23/string/strdup.c
fn=(314) strdup
40 12
+1 3
cfi=(77)
cfn=(308)
calls=3 +25 
* 48 6
* 3
+1 6
cob=(2)
cfi=(16)
cfn=(316)
calls=3 -42 
* 59455 13456 2084 15 12
+2 6 3
+4 3
-1 6
+1 6
-1 6
cfi=(87)
cfn=(348)
calls=3 +14 
* 93 18 7

fl=(47) /build/glibc-S7Ft5T/glibc-2.23/time/../sysdeps/unix/sysv/linux/x86/time.c
fn=(296) __time_syscall
30 6
+1 3

fn=(178) time
38 2
-1 2
+1 12
fi=(48) /build/glibc-S7Ft5T/glibc-2.23/time/../sysdeps/generic/dl-hash.h
+10 6
+14 8
-17 6 2 2
+3 18
+14 24
-17 18 6 4
fe=(47)
-7 6 2
+3 4
-3 2
+3 2
cfi=(49)
cfn=(182)
calls=2 -14 
* 12 2 2
+1 6
+1 4

fl=(78)
fn=(312)
2941 45
+5 18
+1 18 9 1
+6 18 9 5
+5 4
-2 4
+2 8 4
+16 12 4 4
+1 8
cfn=(428) _int_free
calls=4 3848 
* 377 87 33
+1 54

fn=(340) sysmalloc
2275 8
+20 1
+11 1
-11 1
+11 1 1
+1 5 1
fi=(81)
488 3
fe=(78)
2322 5
+65 1
+1 3
+10 1
-9 1
+9 5 2
+6 4 1
+3 3 1 1
2730 2 1
+1 1
+8 4 1
+5 1
-3 1
+3 1
-2 1
+2 3
+1 1
-1 1
-1 1
+4 1
-3 2
+1 1
+8 9
2470 1
-8 4
+8 1 1 1
+21 5 0 0 1 1
cfi=(84)
cfn=(342)
calls=1 46 
* 62 10 2
* 1
+1 1
+3 4 1 1
+3 2
+1 2 1
+20 2
+26 2 1 1
+2 2
+6 1
-6 1
+6 1 1 1
2328 1
2471 1
+10 5
+8 1
-8 1
+8 1 1 1
+67 7 3
+37 2 1 1
+6 3 1 1
+19 1
+3 2
+1 5
+2 1
-2 1
+2 1 1
+1 3 0 0 1 1
cfi=(84)
cfn=(342)
calls=1 46 
* 25 3 1
+12 2 1
+8 1
+1 1
-1 2
+1 2 1
+39 1
+1 1
-2 1
+1 3
+12 1
-12 1
+1 1
+11 1 1 1
2546 5

fn=(336)
3326 55
+30 11
-30 22
+30 99 33
+4 44 11
+14 22 11 5
+2 18
+2 6
-1 6
-1 6
+1 6
+5 12 6 4
+3 10 2 2
+1 2
-1 2
+1 4 2 2
+25 18 9 2
+2 18
+1 18
+2 6
-2 6
+2 12 6 3
+2 2 1
+37 18 4 2
+1 6 3 2
+1 4
cfn=(338) malloc_consolidate
calls=2 4151 
* 764 161 19
3826 126
-2 9
+2 9
-2 9
+2 18
5016 9
3824 9
+2 9
5018 9
3826 9
5018 9
3826 27
5018 18
3826 36
5016 18
3476 18
+67 2
+51 10
+7 2
-6 2
+1 2
+1 2
+1 2
+3 2 2
3476 33 11 6
+3 5
-1 5
+1 10 5
+1 10 5
+3 5
+10 18 9 3
+34 2
-5 2
+1 2
+4 2 2
+13 4 2
+8 8 2 1
+1 8
+1 2
+3 4 2 2
3389 10 2
1886 4
3777 4
1886 8 4
3840 99
3548 14 2
-54 8 4 1
+1 12 3
+5 3
-1 3
+5 3
-3 6
+1 3
+1 6
+1 3 3
+2 3
+1 3
+3 24
+2 9
+1 3
+3 3
1886 9 3 2
3591 8
+19 12 6 3
+73 12
+1 12
+1 12
+1 12
+1 12
+5 12 6 6
+16 7
+2 14 7
-4 18 9 7
+8 2
+3 4 2 2
-21 18 6 1
+3 20 5 1
-3 12 4 1
+3 12 3
-3 6 3 2
+3 6 2 1
3799 4
+3 4
-2 8
+2 8 4 3
+17 2 1 1
3612 9
+3 3
-3 3
+3 9 3 3
3455 6
1886 4 1 1
3455 1
3699 3
+2 2
+1 2
-1 2
+1 2
-3 3
+27 4
+3 4 2
+5 2
-3 4
+3 34 10 1
+3 4 2
+15 2
+1 4 2
-6 2
+17 2
-6 2
+1 2
+1 2
+1 2
+3 2 2 1
+1 1
+1 4 2
+2 2
+1 2
+2 16
+2 6
+1 4
+60 3
cfn=(340)
calls=1 2275 
* 249 36 12 2 2
+1 2 1 1
-28 3
-3 3
+1 3
+2 3
-1 3
+1 6
+2 3
-2 12
+2 3
+3 3
1886 9 3 3
3734 24 6

fn=(428)
3848 36
+13 4
-13 4
+13 8
+6 16 4
+1 8 4
+11 16 8
+13 8 4 3
+11 8 2
+1 6 2
1893 2
3928 2
1893 4 2
3930 6 2 2
+1 4
+4 2
-4 2
+1 2
+9 14 2
+9 8 2 2
+2 2
+2 12 4 4
4112 32
3967 4 2
+1 6 2 2
+15 4 2 2
+8 6 2
+6 4
+1 4 2
+1 4 2
1893 6 2
4008 4 2 2
+7 4 2
+5 4 2 1
+1 15 4 1
+1 1
+11 1
-1 1
+2 2 1
-1 1
-1 1
+2 2 1
+7 2
-2 2
+1 2
+1 2 2
+2 2
+1 2
+2 2
+1 2
+2 6
+1 2
+30 4 2 2
3969 10 4 3
+8 2
-4 2
+4 6 2
-7 4
4100 6 2
+1 6 2
+1 10 4 4
3956 8 4 2
+68 2
-3 3 1 1
-38 10 2 2

fn=(338)
4151 4 2 1
-22 8
+23 3 1 1
+12 1
5016 1
4154 1
+11 1
-1 1
5018 1
-2 1
+2 5
4167 2 1
+1 2 1 1
-1 18 9
+1 18 9 2
+50 40 10 5
+6 8
5010 4
1815 3
-3 2 1 1
+3 378
-3 252 126 7
+7 3 1 1
+5 1
+2 1
-2 2
-1 3

fn=(318)
2909 33
+5 22
+1 22 11 1
+3 80 20 9
+2 30
cfn=(336)
calls=10 3326 
* 1606 252 78
+3 10
-3 10
+3 10 10 2
+8 40 20 17
+2 110 40 6
+3 40
-18 60 20 18
-2 1
+20 3
-20 1 0 0 1 1
cfi=(80)
cfn=(320)
calls=1 29 
* 59230 13411 2069 11 9

fl=(81)
fn=(324)
258 6
+13 1
-8 1
+8 1 1 1
+6 3
+2 5 1
+16 2
-56 67
-18 204 68 1
+2 134 67 6
+1 4 2
+1 4 2 2
340 2 1 1
+6 2
+1 2 1 1
+2 1
+1 7
-78 5
cfi=(82) /build/glibc-S7Ft5T/glibc-2.23/elf/dl-addr.c
cfn=(326) _dl_addr
calls=1 126 
* 57683 13067 2021 9 7
* 2 1
+1 4 1

fl=(117) /build/glibc-S7Ft5T/glibc-2.23/stdio-common/_itoa.c
fn=(468) _itoa_word
168 84
+2 42 21 5
+9 414 31 10
+9 42

fl=(128)
fn=(540)
31 4
+17 1
-17 4
+4 4 1
+4 6 1 1
-4 3 1
+32 4 1
+4 6 1 1
-4 3 1
+12 2 1
+3 1
-2 1
+2 6
-2 1
cfi=(129) /build/glibc-S7Ft5T/glibc-2.23/nptl/unregister-atfork.c
cfn=(542) __unregister_atfork
calls=1 -52 
* 10 1 1

fl=(52) /build/glibc-S7Ft5T/glibc-2.23/time/../sysdeps/unix/sysv/linux/x86/gettimeofday.c
fn=(192) gettimeofday
37 1
-1 1
+1 6
fi=(48)
+11 3
+14 4
-17 3 1 1
+3 9
+14 12
-17 9 3 2
fe=(52)
-8 3 1
+3 2
-3 1
+3 1
cfi=(49)
cfn=(182)
calls=1 -13 
* 6 1 1
+1 3
+1 2

fl=(59)
fn=(232)
31 2 1
-1 3
+1 4 1
+2 3
cfi=(60) /build/glibc-S7Ft5T/glibc-2.23/string/../sysdeps/x86_64/strrchr.S
cfn=(234) rindex
calls=1 -9 
* 24 3
+4 5
+1 3
+2 4

fl=(100)
fn=(404)
40 4 2
-1 6
+10 7 3 2
+16 6
+1 4
-1 2 0 0 2 1
cfi=(91)
cfn=(406)
calls=2 986 
* 107 17 10 1 1
-16 2 1 1

fl=(69) /build/glibc-S7Ft5T/glibc-2.23/stdlib/cxa_atexit.c
fn=(266) __cxa_atexit
57 5
-22 1
+22 1
-22 1
cfn=(268) __new_exitfn
calls=1 +38 
* 38 7 6
+2 2 1
+4 1
+3 1
+1 1
-4 2
+2 1
+4 1
+1 1
+11 4

fn=(268)
73 2
+6 1
-6 1
+6 1
-6 1
+6 4 2 2
+2 6 1
+2 3 1 1
-2 1
+10 2
-10 2 1 1
+45 1
+1 1
+3 4 2 2
+3 5
-21 1
+1 2

fl=(60)
fn=(234)
24 1
+1 1
+1 1
+1 1
+1 1
+1 1
+1 1
+1 1 1
+1 1
+1 1
+1 1
+1 1
+1 1
+1 1
+1 1
+1 1
+1 1 1
+1 1
+1 1
+1 1
+1 1 1
+1 1
+1 1
+1 1

fl=(53) /build/glibc-S7Ft5T/glibc-2.23/string/../sysdeps/x86_64/multiarch/memmove.c
fn=(196) memcpy@GLIBC_2.2.5
54 11 2 1

fl=(92)
fn=(368)
53 7
+10 13 3
+1 6
-1 10 2 1
+2 2 1 1
+1 1
+23 8

fl=(121)
fn=(488)
84 12 6
cfn=(490) __write_nocancel
calls=6 * 
* 30 6

fn=(490)
84 30 6

fl=(51) /build/glibc-S7Ft5T/glibc-2.23/string/../sysdeps/x86_64/multiarch/strspn.S
fn=(190) strspn
30 1
+1 1
+1 1
+1 1 1
+1 1
+1 1

fl=(96)
fn=(384)
95 10
+15 12 2 0 2 1
cfi=(91)
cfn=(386)
calls=2 1229 
* 28 4
* 4 2
+2 8 2 1
+11 6 2 2
+4 4
cob=(2)
cfi=(16)
cfn=(316)
calls=2 0 
* 606 118 44 2
* 2
+2 2
-1 4 2
+2 8
cfi=(90)
cfn=(388)
calls=2 380 
* 36 2 2
+1 2
+1 10
-15 1
-2 9 1
+5 2

fl=(114)
fn=(458)
1236 128
+31 48
+8 49 16 6
+4 80 32 1
+11 80 16
+11 16
fi=(116) /build/glibc-S7Ft5T/glibc-2.23/stdio-common/printf-parse.h
108 48
fe=(114)
1316 16
-15 80
fi=(116)
108 16
cfi=(115) /build/glibc-S7Ft5T/glibc-2.23/string/../sysdeps/x86_64/strchr.S
cfn=(460) strchrnul
calls=16 -84 
* 344 33 2
fe=(114)
1316 16
fi=(116)
108 16
fe=(114)
1312 16
+4 32 16 3
+4 128 0 0 16 4
cfi=(91)
cfn=(478)
calls=14 -33 
* 2744 571 74 23 2
cfi=(90)
cfn=(462)
calls=2 425 
* 8 2 2
* 64 16 5
1685 74 30 6
+1 4 2
+2 16
+1 128
1275 30 15 5
+41 84 14
+1 196 42 5
1685 70 28 8
+1 28 14 2
1320 32 16 8
+4 16
-4 16
+4 32 16 2
+4 192 48 8
1552 32
-21 32
1632 32
-1 32
1370 390 26
-7 26
-1 26
-3 26
-1 26
+8 26
+4 26
-3 26
-10 26
-1 26
-1 26
-1 26
-1 26
+14 26
-15 26
-1 26
-1 26
-1 26
+18 52 0 0 26 9
1649 26
+2 52 26 14
+8 26
fi=(116)
108 52
fe=(114)
1659 26
fi=(116)
108 26
fe=(114)
1659 26
fi=(116)
108 52
cfi=(115)
cfn=(460)
calls=26 -84 
* 544 53 2
fe=(114)
1663 26
-4 26
+4 286 26 0 26 4
cfi=(91)
cfn=(478)
calls=16 1287 
* 1956 369 43 10
cfi=(90)
cfn=(462)
calls=10 425 
* 352 50 4
* 338 52 2
+2 68 26 6
-34 1058 226 46
cfi=(118)
cfn=(470)
calls=2 37 
* 150 20 2 2
* 215 27 0 21 2
cfi=(91)
cfn=(478)
calls=13 1287 
* 941 171 15
cfi=(90)
cfn=(462)
calls=8 425 
* 389 57 10
* 210 42
+1 52
-1 75 21 7
cfi=(117)
cfn=(468)
calls=3 168 
* 102 9 4
* 180
cfi=(117)
cfn=(468)
calls=18 168 
* 480 43 11
* 628 120 18
cfi=(118)
cfn=(470)
calls=1 37 
* 77 10 3 1 1
* 51 3
+1 50 5 0 5 2
cfi=(91)
cfn=(478)
calls=3 1287 
* 457 92 31 2 2
cfi=(90)
cfn=(462)
calls=2 425 
* 106 16 5
* 50 10 5
1396 8
+1 2
-1 2
+1 28 2
1588 30 0 0 10 6
+43 328 84 18
+1 47 15 3
cfi=(77)
cfn=(466) strnlen
calls=2 52 
* 86 8 2
* 114 97 17
1489 12
cfi=(116)
cfn=(464) read_int
calls=3 73 
* 36 3 3
+2 3
-2 3
+2 9 3
+8 9 3 3
+18 12 3
+3 36 3
+3 15
+1 15 5
+26 5
+14 5
-14 10 5 3
+38 70 5
-36 20
cfi=(116)
cfn=(464)
calls=5 73 
* 60 5 3
* 5
+4 20 5
+9 25 10 3
+67 45 5

fl=(129)
fn=(542)
28 4
+8 1
+3 2 1 1
+82 3

fl=(101)
fn=(412)
84 4 1
+1 1

fl=(77)
fn=(308)
66 24
+1 24
+1 24
+1 24
+1 24
+1 24
+1 24
+2 24
+2 24 24
+30 24
+1 24
+1 24
+1 24
+1 24 24
+1 24
+1 24

fn=(466)
52 2
+1 2 2 2
+7 2
+1 2
+1 2
+1 2
+3 2
+1 2
+1 2
+1 2
+1 2
+1 2
+1 2
+2 2
+2 2 2
+26 2
+1 28
+29 14 2
+11 2
+1 2
+1 2
+1 2 2
+1 2
+1 2

fl=(49)
fn=(182)
27 10
+4 10 5 5
-3 10

fl=(120)
fn=(484)
61 44
+4 44 44
+3 44
+1 44 44 6
+2 37
+1 37
+2 37
+1 37
+5 37
+1 37 37 4
-1 7
+1 7 7 2
+2 13
+1 13
+2 13
+1 13
+5 13
+1 13 13 4
-1 31
+1 31 31 2
+2 6
+1 6
+2 6
+1 6
+5 6
+1 6 6 2
-1 38
+1 38 38 7
+2 4
+1 4
+2 4
+1 8
+5 4
+1 4 4 3
-1 40
+1 42 40 10
+5 2
+1 2
+1 2
+1 2
+2 2
+2 2
+1 2
+2 2 2
+6 44
+4 44

fl=(68) /build/glibc-S7Ft5T/glibc-2.23/csu/../csu/libc-start.c
fn=(264) (below main)
134 7
+4 1
-4 3
+4 3 1 1
+82 1
-82 1
+82 1 1
+1 4
cfi=(69)
cfn=(266)
calls=1 57 
* 60 8 6
+22 4 1
+3 2 1
+1 5 0 0 1 1
cob=(5) /home/alex/Documente/foaie/parcurs/SCRATCH/date_ex
cfi=(65) ???
cfn=(270) __libc_csu_init
calls=1 0 
* 50 4 2 1 1
+4 4 1
+15 2 1
+12 2
cfi=(70)
cfn=(282)
calls=1 30 
* 30 1 1
+1 2 1
+5 2
+1 2
+3 2
+3 6 0 0 1 1
cob=(5)
cfi=(65)
cfn=(288) main
calls=1 0 
* 95420 19527 3126 256 76
+34 2
cfi=(125)
cfn=(512)
calls=1 104 
* 893 166 67 11 11
138 2

fl=(89)
fn=(370) __fopen_maybe_mmap
41 1
-2 1
+2 1 1 1
+15 1

fn=(354) __fopen_internal
61 6
+8 1
-8 2
+8 1
cob=(2)
cfi=(16)
cfn=(316)
calls=1 -69 
* 185 29 13 1
+2 3 1
+3 1
+3 4
-3 1
+3 2
cfi=(90)
cfn=(356)
calls=1 599 
* 58 2
+4 1
+1 1
-1 1
+1 1
cfi=(91)
cfn=(360)
calls=1 +62 
* 94 17 9
+4 5
cfi=(91)
cfn=(364)
calls=1 249 
* 156 26 8
* 1
+1 1
-1 1 1
+6 5
-5 1
cfn=(370)
calls=1 -46 
* 4 1 1

fn=(352)
97 2
cfn=(354)
calls=1 -36 
* 536 77 31 1

fl=(124) /build/glibc-S7Ft5T/glibc-2.23/time/mktime.c
fn=(504) mktime
583 2
+5 1
cfi=(75)
cfn=(506) tzset
calls=1 -2 
* 844 209 25 3 1
+3 3
+1 1
-1 1
cfn=(508) __mktime_internal
calls=1 353 
* 1826 238 32 2 1

fn=(508)
353 9
+16 1
+2 1
-18 1
+24 1
-12 1
+3 1
-15 1
+18 1
+6 1
-11 1
+11 2
-12 1
+12 1
-10 1
+10 8
+4 1
-3 2
+3 5
152 4 1 1
391 7
+3 1
-3 1
+3 5
+2 3
+8 3 1
+2 2
+1 1
-1 1 1 1
207 2
+2 1
476 4
207 7
+2 12
+2 1
-2 2
+2 3
+9 3
+1 3
+1 26
476 4
+5 2 1 1
+15 2 1
-16 9
310 3 0 0 1
cfi=(74)
cfn=(510)
calls=1 29 
* 741 112 11
* 3 0 0 1 1
cfi=(74)
cfn=(510)
calls=1 29 
* 741 112 14
+2 2
-2 4
+2 2 2
-26 2
-78 2
+2 2
-2 12
+2 22
+12 2
-12 4
+12 68
+24 2
+43 10 2
+1 2
476 4 2 1
185 1
501 1
185 7 1 1
551 5
+2 4 1 1
+16 15
+1 1
-89 2 1 1
+90 9
405 1
+1 3

fl=(75)
fn=(436)
128 108
+1 18
cfi=(77)
cfn=(308)
calls=18 -63 
* 288 36
-32 18
+32 18
-32 75 18 9
+1 165 55 15
+2 39
+1 78
-1 39
+1 78
cfi=(97)
cfn=(398)
calls=39 -77 
* 937 293 35
* 78 39 4
-4 123 41 14
+9 6
cob=(2)
cfi=(16)
cfn=(316)
calls=3 0 
* 555 87 21 3
+1 3
-1 3
+1 3 3
+5 3
-2 3
+1 3
+1 12
cfi=(87)
cfn=(348)
calls=3 -51 
* 64 18 6
+1 3
+3 6
+14 18
-24 2
cob=(2)
cfi=(16)
cfn=(316)
calls=1 0 
* 332 65 23 1
+1 1
-1 1
+1 1 1
+5 1
-2 1
+1 1
+1 4
cfi=(87)
cfn=(348)
calls=1 -51 
* 23 6 2
+1 1
+5 1
+12 1
-12 1
+12 19
-12 14
+12 70

fn=(506)
586 2
+1 2
-1 1
+1 4 2 2
407 1
-3 1
+3 1
cfi=(76)
cfn=(306)
calls=1 34 
* 452 140 4
+7 2 1 1
+23 1
-4 1
+1 1
+3 1
cob=(2)
cfi=(16)
cfn=(310)
calls=1 0 
* 101 19 6 1
+1 2
cfi=(79)
cfn=(314)
calls=1 40 
* 170 31 7 1 1
+3 3
-3 1
+3 1
cfi=(88)
cfn=(350)
calls=1 104 
* 82 13 2 1
+1 3 1 1
598 4 2 2
+1 4
425 1
+6 2

fn=(304)
610 8 4
-4 8
+10 4
-10 24
+10 4
-10 4
+10 16 8 8
+5 16 6 2
407 2
-3 2
+3 2
cfi=(76)
cfn=(306)
calls=2 34 
* 904 280 16
+7 2
-7 2
+7 2 2 2
+23 2
-4 2
+1 2
+3 2
cob=(2)
cfi=(16)
cfn=(310)
calls=2 0 
* 119 21 8 2 1
+1 4
cfi=(79)
cfn=(314)
calls=2 40 
* 59477 13452 2084 14 11
+3 6
-3 2
+3 2
cfi=(88)
cfn=(350)
calls=2 104 
* 8397 1704 403 36 9
+1 6 2 2
+17 2
623 4 2
+1 24
cfi=(88)
cfn=(438)
calls=4 +19 
* 1746 324 51
+12 16 8 4
+2 8 4
+2 12 4
+7 16
cfi=(108)
cfn=(442)
calls=4 30 
* 956 78 26
* 8 4 1
+1 8
+6 32
402 8 2
+23 2
+6 4

fl=(116)
fn=(464)
73 8
+12 8
-12 16
+2 56 8 6
+18 8

fl=(85)
fn=(344)
34 2
+8 2
-8 6
+8 9 3 1
+4 4 2 1
+4 6 2 1
+12 5
-19 2
cfi=(86) /build/glibc-S7Ft5T/glibc-2.23/misc/../sysdeps/unix/sysv/linux/x86_64/brk.c
cfn=(346) brk
calls=1 -12 
* 12 2
* 4 1
+15 2
cfi=(86)
cfn=(346)
calls=1 -27 
* 12 2
* 2 1
+4 5

fl=(122) /build/glibc-S7Ft5T/glibc-2.23/stdio-common/sprintf.c
fn=(496) sprintf
27 7 1
+4 1
+1 1
-1 5
+1 1
cfi=(123)
cfn=(498)
calls=1 * 
* 1580 201 48 16 8
+4 2

fl=(82)
fn=(326)
126 9
+5 1
-5 2
+5 2 0 0 1 1
cob=(1)
cfi=(2) /build/glibc-S7Ft5T/glibc-2.23/elf/rtld.c
cfn=(50) rtld_lock_default_lock_recursive
calls=1 704 
* 2
+2 2
cob=(1)
cfi=(83) /build/glibc-S7Ft5T/glibc-2.23/elf/dl-open.c
cfn=(334) _dl_find_dso_for_object
calls=1 +49 
* 32 12 5
cob=(1)
cfi=(66) /build/glibc-S7Ft5T/glibc-2.23/elf/../sysdeps/x86_64/dl-trampoline.h
cfn=(258) _dl_runtime_resolve_xsave
calls=1 -62 
* 1172 151 7 5 3
* 5 0 0 2 2
+2 2 1
30 1
+1 1
-1 1
+1 1
+3 2 1
+5 1
+6 1
-7 1
+2 2
+2 1
-2 1
+2 1
+3 1 1
+5 8 1
+2 1
+1 2 1 1
-1 1010
+1 2020 1010 111
+2 3628
+9 2010 670 31
+7 24
-2 24
+2 2259 24 11
-2 2211
+2 5750 2211 1018
-10 11175 2235 22
+2 8940 2235 3
+1 14318 3500 790
+7 1011
-21 2022 1011 20
+49 3 1
+1 1
+1 3 1 1
+3 2 1 1
+37 2 0 0 1 1
cob=(1)
cfi=(2)
cfn=(52) rtld_lock_default_unlock_recursive
calls=1 710 
* 2
+3 9
-28 1
+1 1
+21 2

fl=(102)
fn=(414)
35 1
+3 1
-3 1
+3 2 1 1
+1 5
cfi=(100)
cfn=(404)
calls=1 +1 
* 47 8 4 1
* 1
+1 3 1 1
+22 2
fi=(103) /build/glibc-S7Ft5T/glibc-2.23/libio/../libio/libioP.h
866 2 1
fe=(102)
46 3 1 1

fl=(86)
fn=(346)
31 16 2
+8 2
-6 4 2
+7 2

fl=(105)
fn=(420)
39 3
+14 1
-14 1
+14 2 1 1
+9 4 0 0 1 1
cfi=(91)
cfn=(432)
calls=1 200 
* 27 5 4
+1 3 1 1
+18 6 3
+3 2
cob=(2)
cfi=(16)
cfn=(310)
calls=1 -84 
* 150 35 13 1
+4 5
-34 1
cfi=(90)
cfn=(422)
calls=1 +6 
* 61 13 8
+2 5 1 1
+1 2 1
+1 2
cfi=(91)
cfn=(424)
calls=1 160 
* 226 40 19 2 1
* 3
fi=(106)
866 2 1
+1 3 1 1
fe=(105)
78 2 1 1

fl=(62) /build/glibc-S7Ft5T/glibc-2.23/string/../sysdeps/x86_64/cacheinfo.c
fn=(238) init_cacheinfo
482 2
+12 1
-12 3
+12 3 1
+2 4
cfn=(240) handle_intel
calls=1 262 
* 455 111 30
+4 2
-4 1
+4 1
cfn=(240)
calls=1 262 
* 547 133 31
+2 1
-2 1
-1 1
+3 1 1
+9 2 1
+2 1
+1 1
+2 1
+5 2
+9 4
-9 4
+9 16 4 1
-9 12
+6 8 4 4
+69 4 2
+1 5
+55 2 1
+2 1
+1 1
+2 1
-3 1
+5 1
-5 1
+4 3
+4 2 1
+2 1
+1 1
+2 1
-3 1
+5 1
-5 1
+4 2
+3 1
-3 1
+3 5
532 1
+32 1
-26 6 2
+7 5
+2 1
+1 1
+1 2 1
-4 4
+2 1
+1 1
+1 6 3 1
+2 2
-6 2
+6 2 2 1
+5 1
+2 2
+1 1
-1 1
+1 3
+6 1
-1 1
+1 5 1 1

fn=(242) intel_check_word
133 8 4
+6 4
-7 20
+7 16
-7 4
+7 4
+2 4
-2 4
+2 4 4
+68 8
+3 24
-69 4
+2 8 4
-2 6
+2 12 6
+8 20 10 3
+51 16 8 6
+22 8
fi=(63) /build/glibc-S7Ft5T/glibc-2.23/string/../bits/stdlib-bsearch.h
27 8
+1 16
+3 16
+1 8
fe=(62)
+89 16 8
fi=(63)
-90 12
+1 6
fe=(62)
+89 12 6
+3 54 54 8
fi=(63)
-95 44
+2 44
-2 44 44 4
+2 80
+1 40
fe=(62)
+89 80 40 10
251 8
141 16 8 4
-6 2
256 24
fi=(63)
37 10
-8 24 10 4
fe=(62)
165 6
+3 6 2
+4 4
+2 4
+1 14 3 2
+2 7 1 1
-12 2
+12 2
+1 10 5 3
+1 10 5 4
+1 6 3 3
+17 3
-32 9
+3 9 3
+4 6
+2 6
+1 12 3 2
+2 12 3 3
+5 2
+2 4 2 2
+2 32

fn=(240)
262 4 2
-1 4
+17 2
-17 12
+14 2
+1 4
-3 6
+23 8
cfn=(242)
calls=2 133 
* 666 198 37
+1 4 2
+3 10
cfn=(242)
calls=2 133 
* 238 38 22
+1 4 2 2
-17 4
+5 2
-5 6
+5 2 2
+2 2
+1 2
-1 4
+27 16

fl=(115)
fn=(460)
24 42
+1 42
+1 42
+1 42
+1 42
+1 42
+1 42
+1 42 42
+1 42
+1 42
+1 42
+1 42
+1 42
+1 42
+1 42
+1 42
+1 42 42 2
+1 40
+2 40
+7 40
+4 2
+1 2
+1 2
+1 2
+1 2
+1 2
+1 2
+1 2
+1 2
+1 2
+1 2
+1 2
+1 2
+1 2
+1 2
+1 2
+1 2
+1 2
+1 2
+1 2
+1 2
+1 2
+1 2
+1 2 2 2
+52 2
+2 2
+7 2

fl=(130)
fn=(564)
27 2
+4 1
+2 2

fl=(94)
fn=(374)
34 3
-1 3
+1 3 3
+1 18 3
+4 3

fl=(107)
fn=(440)
144 4
+1 4
+2 4
+1 4
+21 4
+1 4 4
+1 4
+1 4 4
+1 4
+1 4
+1 4
+1 4
+21 4
+1 4
+1 4
+1 4
+1 4
+1 4
+1 4 4 2
2211 4
+6 4
+1 4
+8 4
+1 4

ob=(4) /home/linuxbrew/.linuxbrew/Cellar/valgrind/HEAD-9fd4181/libexec/valgrind/vgpreload_core-amd64-linux.so
fl=(55) ???
fn=(532) 0x00000000000010e0
0 8 2 1
cob=(2)
cfi=(16)
cfn=(538)
calls=1 0 
0 57 8 3 1 1
0 1
cfn=(546) 0x0000000000001050
calls=1 0 
0 9 1 1
0 3

fn=(546)
0 9 1 1

fn=(218) 0x0000000000001120
0 17 2 1

ob=(5)
fl=(65)
fn=(276) 0x00000000004011c0
0 10 1 1

fn=(250) (below main)
0 11
cob=(3)
cfi=(68)
cfn=(264)
calls=1 134 
0 96511 19713 3203 270 90
cob=(1)
cfi=(66)
cfn=(258)
calls=1 71 
0 973 121 17 5 3
0 5 0 0 2 2

fn=(520) 0x0000000000401190
0 5 1
cfn=(524) 0x0000000000401120
calls=1 0 
0 4 1 1
0 3

fn=(524)
0 4 1 1

fn=(288)
0 8 1 1
cob=(3)
cfi=(47)
cfn=(296)
calls=1 30 
0 3
cob=(1)
cfi=(66)
cfn=(258)
calls=1 71 
0 922 113 16 6 3
0 5 0 0 2 1
0 3
cob=(3)
cfi=(74)
cfn=(302)
calls=1 39 
0 68842 15366 2516 49 21
cob=(1)
cfi=(66)
cfn=(258)
calls=1 71 
0 876 111 6 4 1
0 5 0 0 2 1
0 10
cob=(3)
cfi=(47)
cfn=(296)
calls=1 30 
0 3
0 1 0 0 1 1
0 3
cob=(3)
cfi=(74)
cfn=(302)
calls=1 39 
0 1555 315 66 3
0 1 0 0 1 1
0 2
cob=(3)
cfi=(110)
cfn=(450)
calls=1 36 
0 3032 399 106 29 11
cob=(1)
cfi=(66)
cfn=(258)
calls=1 71 
0 894 114 9 5 2
0 5 0 0 2 1
0 4
cob=(3)
cfi=(119)
cfn=(476)
calls=1 28 
0 2178 459 83 29 8
cob=(1)
cfi=(66)
cfn=(258)
calls=1 71 
0 901 113 7 5 2
0 5 0 0 2 1
0 9
cob=(3)
cfi=(122)
cfn=(496)
calls=1 27 
0 1597 202 48 16 8
cob=(1)
cfi=(66)
cfn=(258)
calls=1 71 
0 860 109 6 4 2
0 5 0 0 2 1
0 10
cob=(3)
cfi=(124)
cfn=(504)
calls=1 583 
0 2678 447 57 5 2
cob=(1)
cfi=(66)
cfn=(258)
calls=1 71 
0 907 114 6 5 2
0 5 0 0 2 1
0 29 1 1
cob=(3)
cfi=(119)
cfn=(476)
calls=1 28 
0 1715 355 94 12 5
0 1 0 0 1 1
0 2
cob=(3)
cfi=(47)
cfn=(296)
calls=1 30 
0 3
0 1 0 0 1
0 10
cob=(3)
cfi=(119)
cfn=(476)
calls=1 28 
0 641 104 34 4
0 1 0 0 1
0 22
cob=(3)
cfi=(119)
cfn=(476)
calls=1 28 
0 629 99 27 4
0 1 0 0 1
0 4
cob=(3)
cfi=(119)
cfn=(476)
calls=1 28 
0 779 124 11 6
0 1 0 0 1
0 4
cob=(3)
cfi=(119)
cfn=(476)
calls=1 28 
0 630 101 20 4
0 1 0 0 1
0 22
cob=(3)
cfi=(119)
cfn=(476)
calls=1 28 
0 629 99 3 4
0 1 0 0 1
0 4
cob=(3)
cfi=(119)
cfn=(476)
calls=1 28 
0 768 121 1 6
0 1 0 0 1
0 4
cob=(3)
cfi=(119)
cfn=(476)
calls=1 28 
0 641 104 3 4
0 1 0 0 1
0 22
cob=(3)
cfi=(119)
cfn=(476)
calls=1 28 
0 640 102 2 4
0 1 0 0 1
0 4
cob=(3)
cfi=(119)
cfn=(476)
calls=1 28 
0 779 124 1 6
0 1 0 0 1
0 4
cob=(3)
cfi=(119)
cfn=(476)
calls=1 28 
0 641 104 1 4
0 1 0 0 1
0 22
cob=(3)
cfi=(119)
cfn=(476)
calls=1 28 
0 640 102 0 4
0 1 0 0 1
0 4
cob=(3)
cfi=(119)
cfn=(476)
calls=1 28 
0 779 124 1 6
0 1 0 0 1
0 6

fn=(270)
0 15
cob=(2)
cfi=(16)
cfn=(272)
calls=1 0 
0 6 1 1
0 8 1 0 1 1
cfn=(276)
calls=1 0 
0 10 1 1
0 11 1

ob=(1)
fl=(30) /build/glibc-S7Ft5T/glibc-2.23/elf/dl-tls.c
fn=(200) _dl_allocate_tls_init
450 2 1
-1 7
+5 1
+6 3
-6 1
+6 1 1
-4 1
+16 1
-15 3
+20 6 1
+6 16 2 1
+3 1
+1 2 1
+6 3 1
+3 1
-2 2
+2 4
+1 1
+3 1
-1 3 1 1
+4 2 1
+1 4 1
+2 2 1 1
+9 6
cfi=(25) /build/glibc-S7Ft5T/glibc-2.23/string/../sysdeps/x86_64/memcpy.S
cfn=(70) mempcpy
calls=1 61 
* 23 7 4
* 4
cfi=(26) /build/glibc-S7Ft5T/glibc-2.23/string/../sysdeps/x86_64/multiarch/../memset.S
cfn=(72) memset
calls=1 53 
* 30 3 1
* 2
-38 3 1 1
+52 2
+2 1
+1 8

fn=(144) _dl_next_tls_modid
49 1
+3 4 1
+48 1
+4 2

fn=(198) _dl_add_to_slotinfo
890 3
+9 1
-9 1
+6 2
+8 5 1
+41 1
+1 3
+1 4

fn=(162) _dl_allocate_tls_storage
354 3
+2 1
+11 3
cfi=(17)
cfn=(44) __libc_memalign
calls=1 52 
* 76 7 3
* 1 0 0 1
+1 2 1
+7 2
+4 1
-57 1
+57 296 288 10
-58 2
+1 2
cfi=(17)
cfn=(36) calloc
calls=1 103 
* 38 4 2 2
* 1 0 0 1
+1 2 1
+3 1
+6 2
+64 5

fn=(160) _dl_determine_tlsoffset
138 7
+6 3 1
+3 2 1
+36 3 1
+2 10 1
+3 1
-1 1
+5 2
-5 3
+3 3
+2 5 1
+16 3
+2 2
-2 2
+2 2 1 1
+10 1
-37 2
+25 1
-25 4 1
+40 4
+1 1
+51 1
+1 8

fn=(88) _dl_count_modids
115 2 1
+1 2

fl=(22) /build/glibc-S7Ft5T/glibc-2.23/elf/dl-load.c
fn=(64) _dl_init_paths
689 1
+13 2
-13 8
+13 3
cfi=(23) /build/glibc-S7Ft5T/glibc-2.23/elf/dl-hwcaps.c
cfn=(66) _dl_important_hwcaps
calls=1 39 
* 398 61 32 2
+5 1
-5 1
+5 1
cfi=(17)
cfn=(40) malloc
calls=1 94 
* 29 3 1 1
* 1 0 0 1
+1 1
-2 1
+2 2 1
+8 1
-1 1
+1 3
-1 3
+4 4
cfi=(17)
cfn=(40)
calls=1 94 
* 29 3 1 1
* 1 0 0 1
+2 1
-2 1
+2 1 1
+17 2
+9 2
-19 1
+11 1
-1 1
+3 1
+1 1
-15 2
+23 1
-9 1
+9 5
-3 17 1
cfi=(26)
cfn=(72)
calls=4 53 
* 60 12 6
+3 27 4 1
-14 3
+2 3
+1 3
+2 6
-3 3
+4 9
+4 3
-3 3
+3 3 3
+1 3
-4 9
+4 3 3 3
+14 1
-11 1
+6 1
+1 1
+5 1
-12 1
+12 1 1
+2 4 1
+2 3 1 1
+38 5 2
+6 3
cfi=(27) /build/glibc-S7Ft5T/glibc-2.23/string/../sysdeps/x86_64/multiarch/../strchr.S
cfn=(74) index
calls=1 24 
* 47 3 2
* 2 1
+2 3
cfi=(11) /build/glibc-S7Ft5T/glibc-2.23/string/../sysdeps/x86_64/strlen.S
cfn=(22) strlen
calls=1 66 
* 34 3 1
* 8
cfi=(18) /build/glibc-S7Ft5T/glibc-2.23/string/../sysdeps/x86_64/multiarch/../memcpy.S
cfn=(46) memcpy
calls=1 61 
* 40 7
* 1
+17 277 31 10
+5 1
cfi=(17)
cfn=(40)
calls=1 94 
* 29 3 1 1
* 1 0 0 1
+1 1
-2 1
+2 1 1
+6 9
cfn=(76) fillin_rpath
calls=1 444 
* 944 215 34 5 1
+4 5 1
+6 1
+4 8
-70 1
-2 1
+2 2 1 1
+14 2

fn=(104) _dl_map_object
2189 21
+8 3
-8 6
+8 3 3
+1 12 3
+3 42 9 5
+5 49 7
+2 21
cfi=(34) /build/glibc-S7Ft5T/glibc-2.23/elf/dl-misc.c
cfn=(106) _dl_name_match_p
calls=7 288 
* 836 104 44 8 4
* 14 7 1
+4 12 6
+1 18 6 3
+3 2
+2 8
cfi=(19) /build/glibc-S7Ft5T/glibc-2.23/string/../sysdeps/x86_64/multiarch/../strcmp.S
cfn=(54) strcmp
calls=2 144 
* 48 6 2
* 4 2 2
2500 24
2235 10 2 2
+9 2
-53 2
+53 4 2
+36 4
-2 2
+2 2
cfi=(27)
cfn=(74)
calls=2 24 
* 46 4
* 4 2 1
2431 2 1
383 3
cfi=(27)
cfn=(74)
calls=1 24 
* 108 5 2
* 2 1
+4 2
cfi=(28) /build/glibc-S7Ft5T/glibc-2.23/string/strdup.c
cfn=(80) strdup
calls=1 40 
* 190 22 11 2
2432 1
-3 1
+3 2 1
+4 9
cfn=(108) open_verify.constprop.7
calls=1 1717 
* 319 69 23
+3 1
-3 1
+3 3 1
+12 3
+46 1
+1 3
-1 1
+1 9
cfn=(114) _dl_map_object_from_fd
calls=1 893 
* 1776 283 101 7
-1 1
+1 3
-1 1
+1 9
cfn=(114)
calls=1 893 
* 1789 298 95 7
* 6
2284 2
cfi=(11)
cfn=(22)
calls=1 66 
* 16 2
* 1
+2 1
-2 1
+2 1 1
+7 4 2 1
+35 2 1
+1 14 1
cfn=(134) open_path
calls=1 2040 
* 786 119 39
+6 2
-6 1
+6 3 2
666 1
2336 1
666 2 1 1
2423 2 1
+28 3
+2 4 1
2297 1
+5 1
-5 1
+5 1 1
+3 2
-3 1
+3 7
-3 3 1 1
666 1
2303 1
666 2 1 1
2358 1
-14 1
+14 1 1
+2 3 1
+4 2
cfi=(42) /build/glibc-S7Ft5T/glibc-2.23/elf/dl-cache.c
cfn=(138) _dl_load_cache_lookup
calls=1 185 
* 1304 291 66 2
+2 1
-2 1
+2 1 1
+4 2 1
+8 3 1
+23 10
cfn=(108)
calls=1 1717 
* 370 86 24
+4 1
-4 1
+4 3 1
+1 2
-89 3 1
+1 8 2
666 1
2319 1
666 2 1 1

fn=(108)
1717 66
+39 6
-39 18
+39 22 11 4
+31 24
cfi=(24) /build/glibc-S7Ft5T/glibc-2.23/io/../sysdeps/unix/syscall-template.S
cfn=(110) open
calls=6 84 
* 46 6 2
+2 6
-2 6
+2 8 6 2
+10 2
+1 4
+5 16
cfi=(24)
cfn=(112) read
calls=2 84 
* 10 2
+2 4 2
+2 2
+2 2
-2 4
+2 2 2
+6 4 2
+16 8
cfi=(14) /build/glibc-S7Ft5T/glibc-2.23/string/../sysdeps/x86_64/multiarch/../memcmp.S
cfn=(30) bcmp
calls=2 24 
* 57 18 8
* 18 4 1
cfi=(14)
cfn=(30)
calls=2 24 
* 72 24 3
* 4 2
+74 4 2
+5 4 2
+2 8 2
+6 4 2
+11 4 2
+6 2
+1 2
-1 8
+1 2
-1 2
+1 4 2
+1 6
+20 122 16 1
+2 40 19 14
+4 8 2
+1 6
+12 14
+4 6 2 1
+5 1
+1 1
-13 4
cfi=(14)
cfn=(30)
calls=1 24 
* 25 8 5
* 8
cfi=(14)
cfn=(30)
calls=2 24 
* 60 16 5
* 6 3 2
+16 2 1
+3 7
+3 3 1
+1 5 2
-39 2
+67 20
-23 4
+23 28
1826 2
+7 4
cfi=(14)
cfn=(30)
calls=1 24 
* 24 9 4
* 2 1 1

fn=(76)
444 7
+2 1
-2 9
+4 3
cfi=(17)
cfn=(78) strsep
calls=1 -94 
* 494 153 14
* 3
cfi=(17)
cfn=(78)
calls=1 -94 
* 6 2 1
* 6 2 1
+7 2 1 1
+35 15 5 2
+1 8 4 4
+55 2
+2 2
cob=(2)
cfi=(16)
cfn=(82)
calls=1 0 
* 7 1 0 1 1
* 1
-39 2 1 1
+4 2
-1 4
cfi=(17)
cfn=(40)
calls=1 94 
* 29 3 1 1
* 1 0 0 1
+3 1
-3 1
+3 2 1
+5 1
+1 2
-2 1
+2 1
cfi=(25)
cfn=(70)
calls=1 61 
* 40 7
+3 1
-3 1
+1 1
+2 1 1
+1 1
+5 2
+1 1
-1 2
+1 13 2
+1 11 4 1
-1 2 1 1
+3 2
+1 3 1 1
+7 1
+1 1
-1 2
383 3
cfi=(27)
cfn=(74)
calls=1 24 
* 47 3 2
* 2 1
+4 2
cfi=(28)
cfn=(80)
calls=1 40 
* 121 14 2 2
* 1
+74 2 1
+5 2
cfi=(11)
cfn=(22)
calls=1 66 
* 34 3 1
+1 2 1
+7 6 2
+9 1
-4 3
+4 2 1 1
+26 2
+43 1
+3 9
-15 2
-9 2
-57 2

fn=(114)
893 22
+10 2
-10 2
+10 2
-10 6
+10 2
cfi=(29) /build/glibc-S7Ft5T/glibc-2.23/elf/dl-debug.c
cfn=(86) _dl_debug_initialize
calls=2 50 
* 16 6 6
fi=(35) /build/glibc-S7Ft5T/glibc-2.23/elf/../sysdeps/posix/dl-fileid.h
37 6
fe=(22)
903 2
fi=(35)
37 2
cfi=(36) /build/glibc-S7Ft5T/glibc-2.23/io/../sysdeps/unix/sysv/linux/wordsize-64/fxstat.c
cfn=(118) _fxstat
calls=2 -3 
* 20 4
* 4 2
+4 2
fe=(22)
919 2
fi=(35)
40 2
+1 2
fe=(22)
919 29 7 4
+1 10 5
fi=(35)
49 12 6 5
fe=(22)
1465 16
937 4 2
+24 4 2
+10 4 2 1
+22 8 2
+32 4 2
904 2
1028 14
cfi=(15) /build/glibc-S7Ft5T/glibc-2.23/elf/dl-object.c
cfn=(32) _dl_new_object
calls=2 61 
* 997 136 62 10
+1 2
-1 2
+1 2 2
+11 4
+1 2
-1 2
+2 2
-1 2
+4 2
-1 4
-2 2
+2 4
+1 6 2
+1 2
+19 2
-2 2
+10 2
-8 12
+8 2
-8 6
+8 2 2
+87 2
+8 2
-8 8
+8 2
-8 6
-86 32 15 5
-1 152 19 2
+1 107 53 20
+6 4
+1 6
+1 2
+9 30 6
+5 48 6
+9 18
-1 18
+1 6
+1 12
+2 6
-2 6
+1 6
-1 6
+3 6
+4 6
-7 6
+2 6
+1 6
+4 6 6 2
+1 24
+4 12
-14 4
+14 24
+11 4
-11 6
-14 2
+14 12
+11 2
-44 2
+1 1
+46 3 1
+4 1
+1 1
+1 1
-1 2
+1 1 1
+3 3
+1 1
+3 1
-3 1
+7 4 1
+6 1
cfi=(30)
cfn=(144)
calls=1 49 
* 8 1
* 2
+1 1
+59 4
+1 6
+1 2
-6 4
+1 2
+8 6 2
1041 2
1229 2
1041 2
1229 2 2
+10 6
fi=(38) /build/glibc-S7Ft5T/glibc-2.23/elf/./dl-map-segments.h
56 4
fe=(22)
1239 6
fi=(38)
56 2
fe=(22)
1239 2
fi=(38)
56 2
fe=(22)
1239 4
fi=(38)
56 12
cfi=(37) /build/glibc-S7Ft5T/glibc-2.23/misc/../sysdeps/unix/sysv/linux/wordsize-64/mmap.c
cfn=(120) mmap
calls=2 -23 
* 68 7 4
+4 2
-4 2
+4 4 2
+3 4
+1 2
+2 2
-2 2
-1 2
+3 2 2 1
+10 4
fi=(39) /build/glibc-S7Ft5T/glibc-2.23/elf/./dl-load.h
+14 12 6 3
+1 6
+2 12 6 1
fi=(38)
+7 24 6 4
+6 2
+2 2
-2 2
+1 2
+2 2
-1 2
+1 2
-1 6
+8 4 2 2
+17 4 2 1
+12 6
-59 30 6 2
+2 8
+2 4
-2 8 4 1
+2 40
cfi=(37)
cfn=(120)
calls=4 -57 
* 124 8
* 12 4 3
fe=(22)
1251 8 2 1
+9 4
fi=(3) /build/glibc-S7Ft5T/glibc-2.23/elf/get-dynamic-info.h
39 2
fe=(22)
1260 2
fi=(3)
39 2 2
+6 2
-2 2
+2 4 2
+15 2
+5 2
+3 2
-1 2
-3 2
-3 36
+10 8
-26 24 8 2
+16 33
+10 33
-26 99 33
+26 2
-26 6 2
+2 86 43 20
+13 40 10 5
+2 8 2 2
+3 8 2 2
+13 4 2
+20 7 2 1
+1 8 2
+1 8 2
+1 8 2
+2 8 2
+5 7 2 1
+1 7 2 1
+1 8 2
+6 6 2 1
+5 2 1
+7 4 2
+1 6 2
+16 6 2 1
+5 1
+2 1
-2 1
+2 1 1 1
+2 2 1 1
+2 2 1
+3 6 2 1
+10 1
-8 4
+8 1 1
+5 2 1
+3 4 2 2
fe=(22)
1267 4 2 2
+15 6 2
+19 4
+2 10 2
+54 6 2 1
+1 2
+3 2
cfi=(24)
cfn=(128) close
calls=1 84 
* 5 1
* 2
cfi=(24)
cfn=(128)
calls=1 84 
* 5 1
* 4 2
+9 4 2
+2 6
+2 2
-2 2
+2 2 2
+16 4
cfi=(6) /build/glibc-S7Ft5T/glibc-2.23/elf/dl-lookup.c
cfn=(10) _dl_setup_hash
calls=2 956 
* 46 4
+4 4 2
+1 4 2 2
+17 4 2 1
+9 2
-5 6
+5 2 2
+10 4 2
+10 6
cfi=(15)
cfn=(48) _dl_add_to_namespace_list
calls=2 32 
* 82 7 5 4
+4 8 2 2
fi=(3)
68 8 2
+2 10
fe=(22)
1413 2
fi=(38)
119 4 2
+8 16
cfi=(26)
cfn=(72)
calls=2 -74 
* 283 40 11
* 8
-54 4
-1 6
cfi=(43) /build/glibc-S7Ft5T/glibc-2.23/misc/../sysdeps/unix/syscall-template.S
cfn=(146) mprotect
calls=1 +12 
* 5 1
* 1
fi=(39)
+22 5 1
+1 11 1
+3 4
fi=(38)
+39 9
cfi=(37)
cfn=(120)
calls=1 33 
* 31 2
+3 3 1 1
fe=(22)
1255 2

fn=(134)
2040 8
+1 1
+6 1
-6 1
+6 1 1
+5 9
+52 1
-59 1
-1 1
+60 1
-52 8
+74 4
-62 1
-9 1
+9 1 1
+7 4
cfi=(25)
cfn=(70)
calls=1 61 
* 40 7
+1 1
-1 1
+1 5 1
+20 8 4 2
-20 15 4 1
+3 8 4
+5 8
-1 4
+1 8
-1 12
cfi=(25)
cfn=(70)
calls=4 61 
* 85 24 13
* 16
cfi=(25)
cfn=(70)
calls=4 61 
* 92 24 10
-1 4
+7 4
-7 4
+7 4 4
+3 36
cfn=(108)
calls=4 1717 
* 176 16 6
* 4
+2 20 4 2
+67 7 3
+7 1
-2 1
+2 3 1
+3 3 1
+14 1
-27 1
+27 7
-84 8 4
+1 36 4
+6 4
+2 4
-2 4
+2 8
-2 4
+2 4
cfi=(41) /build/glibc-S7Ft5T/glibc-2.23/io/../sysdeps/unix/sysv/linux/wordsize-64/xstat.c
cfn=(136) _xstat
calls=4 34 
* 49 8 3
* 8 4 2
+1 1
+2 1
-2 1
+2 7
+7 3
-7 3
+7 9
-30 3
+23 6

fl=(41)
fn=(136)
34 4
-1 4
+1 4 4
+1 24 4 3
+4 1
-4 12

fl=(11)
fn=(22)
66 13
+1 13
+1 13
+1 13
+1 13
+1 13
+1 13
+2 13
+2 13 13 1
+30 12
+1 12
+1 12
+1 12
+1 12 12 9
+1 3
+1 3
+4 9
+1 9
+1 9
+1 9
+1 9
+1 9
+1 9
+1 9
+1 9
+1 9
+1 9
+1 9
+5 66 9 3
+4 1
+1 14
+1 8 1
+65 3
+1 3
+1 3
+1 3
+1 3
+1 3
+1 3
+1 3 3 1
+2 2
+2 2
+1 2
+1 2
+1 2
+1 2
+1 2
+1 2
+1 2 2 2
+5 1
+2 1
+1 14
+2 1
+1 1
+1 1
+1 1
-6 2
+1 28
+2 2
+1 2
+1 2
+1 2

fl=(36)
fn=(118)
34 3
-1 3
+1 3 3
+1 18 3
+4 3

fl=(54) /build/glibc-S7Ft5T/glibc-2.23/elf/dl-init.c
fn=(212) call_init.part.0
28 20
+8 4
+3 4
-3 8
+3 12 4 1
+5 21 3 1
+5 4 2
+9 12 0 0 2 2
cob=(3)
cfi=(56)
cfn=(226)
calls=1 -6 
* 176 15 8
cob=(2)
cfi=(16)
cfn=(214)
calls=1 -58 
* 6 1 1
* 2
+4 4 2
+6 2
+2 4
-2 4
+3 10 2
+1 8 0 0 2 2
cob=(3)
cfi=(62)
cfn=(238)
calls=1 482 
* 1161 268 69
cob=(4)
cfi=(55)
cfn=(218)
calls=1 -72 
* 17 2 1
* 4 0 0 1 1
cob=(3)
cfi=(64)
cfn=(246)
calls=1 -39 
* 4 1 1
* 3
-1 6 3 1
+3 24
-29 3 1 1
-5 3 1

fn=(210) _dl_init
80 11
+1 1
+1 1
+3 3 1 1
+8 2 1 1
+1 2
+25 15 5 2
+1 12
-90 20 4 1
cfn=(212)
calls=3 -2 
* 1450 296 82 3 3
* 3
+96 8
-96 2 1 1
+58 2
+16 1
cfn=(212)
calls=1 -76 
* 76 9 2 2 2
* 1

fl=(33) /build/glibc-S7Ft5T/glibc-2.23/setjmp/../sysdeps/x86_64/setjmp.S
fn=(100) __sigsetjmp
26 3
+9 3
+1 6
+1 3
+4 3
+1 3
+1 3
+1 3
+1 3
+2 6
+2 3
+1 3
+1 3
+2 6
+2 3
+4 3
+1 3

fl=(67) /build/glibc-S7Ft5T/glibc-2.23/elf/../elf/dl-runtime.c
fn=(260) _dl_fixup
66 16
+5 16
-5 8
+3 16
+3 8
-1 16
-3 8
+5 48
+1 8
-1 8
+1 16
+5 16 8
+4 16 8
+4 24 8
+4 8
+1 40
+2 32
+7 16
-1 8
+1 8 8
+10 72
cfi=(6)
cfn=(170) _dl_lookup_symbol_x
calls=8 806 
* 6517 868 69 30 9
* 8
+4 40 8
+10 48 16
+16 8
-8 8
+8 24 8 1
+4 24 8
fi=(5) /build/glibc-S7Ft5T/glibc-2.23/elf/../sysdeps/x86_64/dl-machine.h
+92 8
fe=(67)
-88 24
fi=(73) /build/glibc-S7Ft5T/glibc-2.23/elf/../sysdeps/x86_64/dl-irel.h
32 1 0 0 1 1
cob=(3)
cfi=(47)
cfn=(178)
calls=1 +6 
* 66 6 4
* 1
fe=(67)

fl=(1) ???
fn=(0) 0x0000000000000c30
0 2
cfi=(2)
cfn=(2) _dl_start
calls=1 353 
0 90513 15168 1544 229 51
0 14
cfi=(54)
cfn=(210)
calls=1 80 
0 1610 317 90 5 5
0 3 0 0 1 1
cob=(5)
cfi=(65)
cfn=(250)
calls=1 0 
0 97500 19834 3220 277 95

fl=(19)
fn=(54)
144 196
+1 196
+2 196
+1 196
+21 196
+1 196 196 43
+1 144
+1 144 144 4
+1 140
+1 140
+1 140
+1 140
+21 140
+1 140
+1 140
+1 140
+1 140
+1 140
+1 140 140 36
+5 4
+1 4
+9 4
+1 4
+1 4
+1 4
+1 4
+1 4
+1 4
+1 4 4 1
-7 56
+1 56
+1 56
+1 56
+1 56
+1 56
+1 56
+1 56 56
+1 59 59 4
+1 55
+1 55
+1 55
+2 55
+1 55
+1 55
+1 55
+1 55
+1 55 0 0 55 16
-5 4
+1 4
+1 4
+1 4
+1 4
+1 4 0 0 4 3
+10 1
+1 1
+1 1
+2 1
+6 1
+1 1
+1 1
+1 1
+1 1
+5 1 1 1
1196 4
+1 4
+1 4
+1 4
+1 4
+2 4
+1 4
+1 4
+1 4
+1 4
+1 4
+1 4 4 2
+1 2
+4 2
+1 2
+1 2
+6 2
+1 2
+1 4
+4 2
+1 2 2
+3 2
+1 2
+1 2
+3 2
+1 2
+1 2
+6 2
+1 2
+1 2
+1 2
+1 2
+1 2 2 2
+72 20
+1 20
+1 20
+1 20
+1 20
+2 20
+1 20
+1 20
+1 20
+1 20
+1 20
+1 20 20 8
1571 1
+1 1
+1 1
+1 1
+1 1
+2 1
+1 1
+1 1
+1 1
+1 1
+1 1
+1 1 1 1
1696 29
+1 29
+1 29
+1 29
+1 29
+2 29
+1 29
+1 29
+1 29
+1 29
+1 29
+1 29 29 8
1821 4
+1 4
+1 4
+1 4
+1 4
+2 4
+1 4
+1 4
+1 4
+1 4
+1 4
+1 4 4 1
+1 4
+4 4
+1 4
+1 4
+6 4
+1 4
+1 8
+4 4
+1 4 4
+3 4
+1 4
+1 4
+3 4
+1 4
+1 4
+6 4
+1 4
+1 4
+1 4
+1 4
+1 4 4 4
+72 1
+1 1
+1 1
+1 1
+1 1
+2 1
+1 1
+1 1
+1 1
+1 1
+1 1
+1 1 1
+1 1
+4 1
+1 1
+1 1
+6 1
+1 1
+1 2
+4 1
+1 1 1
+3 1
+1 1
+1 1
+3 1
+1 1
+1 1
+6 1
+1 1
+1 1
+1 1
+1 1
+1 1 1 1
2200 7
+2 7
+1 7
+1 7
+1 7 7 1
-3 53
+1 53
+1 53
+1 53 53 4
+1 165
+5 55
+6 55
+1 55
+8 55
+1 55
-16 141
+6 141
+1 141
+8 141
+1 141

fl=(45) /build/glibc-S7Ft5T/glibc-2.23/elf/dl-reloc.c
fn=(164) _dl_relocate_object
149 40
+15 4
-15 8
+15 4 4
+1 24
+6 8 4
+6 12 4 3
-18 8
+22 8 4
+7 4
-32 4
+32 4 4
+44 4
fi=(5)
76 12
fe=(45)
232 8
fi=(5)
76 10 7 2
+6 4
+4 6 2
+14 2
-8 2
+8 4 2
+20 4 2
+4 8
-2 2
+9 12 4 4
fe=(45)
258 151 51 29
-98 12
fi=(5)
303 16
fe=(45)
-45 2
fi=(4) /build/glibc-S7Ft5T/glibc-2.23/elf/do-rel.h
58 2
-10 2
-1 4
+11 2
-11 2
+11 2 2 2
fe=(45)
258 2
-98 12
fi=(5)
303 16
fe=(45)
-45 2
fi=(4)
58 2
-10 2
-1 4
+11 2
-11 2
+11 2 2 2
fe=(45)
258 4
fi=(4)
58 4
-10 4
-1 8
+11 4
-11 4
+11 4 4 2
+3 10 2 2
fi=(5)
530 32
+4 32 16
+2 48 16
+1 16
fi=(4)
61 69 23 2
+2 96 24 9
+2 26 8 4
-4 3 1 1
+13 4 2 1
+1 5 2 1
+1 16 8
fi=(5)
530 8
+26 8
fi=(4)
75 8
fi=(5)
556 16 0 0 8 8
cob=(3)
cfi=(53)
cfn=(196)
calls=1 54 
* 11 2 1
cob=(3)
cfi=(52)
cfn=(192)
calls=1 37 
* 66 6 4
cob=(3)
cfi=(51)
cfn=(190)
calls=1 30 
* 6 1
cob=(3)
cfi=(50)
cfn=(188)
calls=1 45 
* 6 1
cob=(3)
cfi=(46)
cfn=(186)
calls=1 129 
* 5 1 1
cob=(3)
cfi=(50)
cfn=(184)
calls=1 45 
* 6 1
cob=(3)
cfi=(47)
cfn=(178)
calls=1 38 
* 66 6 4
cob=(3)
cfi=(46)
cfn=(176)
calls=1 109 
* 5 1 1
fi=(4)
75 8
fi=(5)
557 8
fi=(4)
75 11 8 7
fe=(45)
258 2 1
fi=(4)
75 14
fe=(45)
258 14 7 4
+3 16 4
+24 4
+3 8 4
+17 12 4 4
+2 32
fi=(4)
84 6
-1 6
+3 12
-3 6
+3 6
+12 18 6 2
+10 8 4 1
+3 10 4 2
fi=(5)
514 2
fi=(4)
112 4
fi=(5)
514 1194 2
fi=(4)
112 2380
fi=(5)
514 2380 1190
+5 2384 1192
+1 2384
fi=(4)
111 2384
fi=(5)
520 1192
fi=(4)
111 1192 1192 8
+7 18 6 2
+6 4
-3 8
+3 10 4 1
fi=(5)
449 9
fi=(4)
127 368 92
+9 184
+3 92
-3 92
+3 92
fi=(5)
271 92
fi=(4)
138 92
-2 92
+1 368
fi=(5)
271 92 92
+21 184 92 2
+4 184 92 1
+7 1755 387 9
fi=(4)
137 75
fi=(5)
303 150
fi=(4)
137 75
fi=(5)
303 75
fi=(4)
137 75
fi=(5)
303 1200 75
cfi=(6)
cfn=(170)
calls=75 806 
* 41782 5810 377 14 3
* 600
+2 234 78 2
+3 90
-3 180
+3 270 90
+6 552 92 0 92 3
fe=(45)
178 8 4 3
fi=(5)
437 234
fi=(4)
124 282 92 9
+19 6 3 3
fi=(5)
303 54 4 1
fi=(4)
108 3 1
fi=(5)
409 42 14
+4 70 14
+14 70
fe=(45)
313 20
+3 4
-3 8
+3 4
+4 8 4
+1 16
cfi=(43)
cfn=(146)
calls=4 84 
* 20 4
* 12 4 3
-63 3
fi=(4)
129 8
fi=(5)
303 87 12 6
fi=(4)
160 11 2 1
+2 28 7
+8 14
+1 7
-1 7
+1 7
fi=(5)
271 7
fi=(4)
170 21
fi=(5)
271 7 7
+21 14 7
+4 14 7 1
+7 252 35
cfi=(6)
cfn=(170)
calls=7 806 
* 3435 480 33
* 49
+2 21 7 4
+3 2
-3 4
+3 6 2
+6 42 7 0 7 1
437 21
fi=(4)
160 23 7 5
+14 2 1 1
fi=(5)
303 6
fe=(45)

fl=(32) /build/glibc-S7Ft5T/glibc-2.23/elf/dl-error.c
fn=(148) _dl_receive_error
205 10
+1 1 0 0 1 1
cfi=(2)
cfn=(98) _dl_initial_error_catch_tsd
calls=1 664 
* 2
+5 1
-1 1
-4 1
+9 1
+2 1
-3 1
+3 1 0 0 1 1
cfi=(2)
cfn=(150) version_check_doit
calls=1 529 
* 2444 309 94 16 3
+2 1
+1 1
+1 8

fn=(96) _dl_catch_error
163 6
+15 3
-3 6
+1 6
-13 6
+14 6
+1 3
+2 3 0 0 3 1
cfi=(2)
cfn=(98)
calls=3 664 
* 6
+2 3
-1 3
+4 3
-3 6
+3 3
-4 3
+4 3
cfi=(33)
cfn=(100)
calls=3 26 
* 60
* 9 3
+2 9 0 0 3 2
cfi=(40) /build/glibc-S7Ft5T/glibc-2.23/elf/dl-deps.c
cfn=(132) openaux
calls=2 60 
* 5272 931 265 15 3
cfi=(2)
cfn=(102) map_doit
calls=1 496 
* 2811 434 161 11 1
+1 6
+2 3
+1 3
-3 3
+1 6
+1 3
+9 3
-8 3
+8 9

fl=(24)
fn=(68) access
84 12 3 3
+2 15

fn=(128)
84 12 3
+1 3

fn=(112)
84 8 2
+1 2

fn=(110)
84 28 7 2
+1 3
+1 20

fl=(43)
fn=(146)
84 20 5
+1 5

fn=(206) munmap
84 4 1
+1 1

fl=(15)
fn=(32)
61 42
+1 3
cfi=(11)
cfn=(22)
calls=3 +4 
* 100 9 3
+6 3
-6 6
+6 6 3 3
+7 12
cfi=(17)
cfn=(36)
calls=3 +28 
* 171 16 9 6 2
* 3 0 0 3 1
+3 3
-3 3
+3 3 3
+4 3
+5 6
-6 3
+6 3
-5 3
+3 6
+2 3
cfi=(18)
cfn=(46)
calls=3 -26 
* 116 25 14
+10 3
-10 3
+10 3
-8 3
+9 6
-1 9
+1 9
+3 3
-4 3
+1 3
+3 3 3 3
+9 3
-7 3
+4 3
+3 9 3 2
+2 2
-2 2 1 1
+2 30
-2 30 15 9
+12 3
+6 3
-5 3
-1 3
+6 15 3 1
+2 2
+3 2
-3 2
+3 2 2
-3 4
+7 6 2
+4 4 2 2
+2 5 1
+6 1
+6 1
-3 2
+3 4 1 1
-3 4
+3 4 2
+2 6
cfi=(11)
cfn=(22)
calls=2 -91 
* 94 7 4
+4 2
-4 8
+4 6 2
+64 4
+4 24
68 30
+34 8
+39 8 2 2
+70 6
cfi=(25)
cfn=(70)
calls=2 61 
* 98 19 10
* 42
+6 40
-1 40
+1 42 40 14
-1 2
+1 6 2 2
+5 4
-89 2 1 1
+32 4
cfi=(17)
cfn=(40)
calls=2 -71 
* 58 6 2 2
* 2 0 0 2
+1 2
-1 2
+1 6 2 1
+2 1
-35 2

fn=(48)
32 15
+2 6 0 0 3 1
cfi=(2)
cfn=(50)
calls=3 704 
* 6
+2 3
-2 3
+2 19 3 2
+3 15 5 3
+2 2
+2 2
+4 2
+4 2
-4 4
+1 2
+4 4
-4 2
+1 2
+3 2
-3 2
+2 2 0 0 2
cfi=(2)
cfn=(52)
calls=2 710 
* 4
-4 1
+4 1
-4 2
+1 1
+4 2
-4 1
+1 1
+3 1
-3 1
+2 1 0 0 1 1
cfi=(2)
cfn=(52)
calls=1 710 
* 2
-5 2

fl=(17)
fn=(44)
52 66
+1 87 22 1
+11 63
+3 21
-3 21
+3 42 21 2
-3 3
+3 1
-3 1
+3 82 21 19
+4 8
+1 4 2
+6 16
cfi=(37)
cfn=(120)
calls=2 -45 
* 66 6 4
+2 10 2
+4 6
+3 2
+1 2
+2 10
-3 20
+1 20
+2 100
-31 2
-1 5

fn=(78)
354 4 2
+2 2
+1 4 2 1
+4 65 1
+7 180 60 3
-2 120 60 7
+13 1
+4 2
-7 30
-15 92 30 4

fn=(36)
103 8
+8 24
-4 8
+4 16 8 8
+3 8
cfn=(40)
calls=8 -20 
* 289 28 10 8 1
* 8 0 0 8 1

fn=(84)
120 1
+2 3 1
+7 2

fn=(40)
94 21
+1 42
cfn=(44)
calls=21 -43 
* 582 67 23
* 21 0 0 21 1

fl=(66)
fn=(258)
71 8
+3 8
+2 8
+8 8
+6 8
+1 8
+1 8
+1 8
+1 8
+1 8
+1 8
+4 8
+1 8
+3 8
+1 8
+2 8
+1 8
+1 8
+1 8
+1 8
+1 8
+2 8
+13 8
+1 8
+1 8
cfi=(67)
cfn=(260)
calls=8 -63 
* 7185 946 74 31 10
+1 8
+5 8
+1 8
+1 8
+2 8
+1 8
+1 8
+1 8
+1 8
+1 8
+1 8
+2 8
+2 8
+4 8
+3 8 0 0 8 8

fl=(25)
fn=(70)
61 17
+4 17 17 2
+3 16
+1 16 16 8
+2 8
+1 8
+2 8
+1 8
+5 8
+1 8 8 2
-1 8
+1 8 8 3
+2 11
+1 11
+2 11
+1 11
+5 11
+1 11 11 5
-1 5
+1 5 5 4
+2 6
+1 6
+2 6
+1 6
+5 6
+1 6 6 4
-1 10
+1 10 10 5
+2 7
+1 7
+2 7
+1 14
+5 7
+1 7 7 4
-1 9
+1 12 9 8
+5 3
+1 3
+1 3
+1 3
+2 3
+2 3
+1 3
+2 3 3
+6 16
+4 16
+12 2
+2 2
+1 2 2 2
+26 2
+1 2 2
+3 2
+1 2
+1 2 2
+5 3
+2 3
+1 3
+1 3
+1 3
+2 3
+1 3
+1 3
+1 3
+2 3
+1 3
+2 3 3 2
+2 1
+2 1
+1 1
+1 1
+1 1
+2 1
+1 1
+1 1
+1 1
+2 1
+1 1
+2 1 1 1
+5 2
+2 2 2 1
+2 1
+7 1

fl=(2)
fn=(150)
529 2
+2 4
cfi=(44) /build/glibc-S7Ft5T/glibc-2.23/elf/dl-version.c
cfn=(152) _dl_check_all_versions
calls=1 380 
* 2434 308 93 16 3
* 2 1 1
+4 2

fn=(2)
353 9
+18 4
fi=(5)
59 1
fe=(2)
371 1
fi=(3)
45 1
fi=(5)
+14 2
fe=(2)
397 1
fi=(3)
45 1
fe=(2)
394 1
fi=(3)
45 1 1
+25 2
-3 1
-7 1
+5 1
+3 1
+2 1
-3 1
-3 1
-3 2
-13 26
+23 13
-26 39 13
+26 1
-26 3 1
+2 36 18 8
+13 20 5 1
+1 16
+10 4
-26 12 4 3
+33 2 1
+20 4 1
+1 4 1
+1 4 1
+1 4 1
+2 4 1
+5 4 1
+1 4 1
+1 4 1
+6 3 1
+5 2 1
+7 3 1
+1 3 1
+8 3 1 1
+2 3 1 1
+3 2 1
+1 2 1
fe=(2)
408 2 1 1
302 1
415 1
302 1
cfi=(6)
cfn=(10)
calls=1 956 
* 23 2
+1 2
+1 2
+1 2
+1 2
+8 1
+9 1
-9 3
+9 1
-6 1
-3 1
+9 1
cfi=(7) /build/glibc-S7Ft5T/glibc-2.23/elf/../elf/dl-sysdep.c
cfn=(12) _dl_sysdep_start
calls=1 86 
* 89865 15046 1517 223 50
* 1
+9 1
+3 4
+4 1
-4 1
+4 1 1
440 9
fi=(3)
62 4 1 1
+3 4 1 1
fe=(2)
413 26 3
fi=(4)
84 1
+27 1
-28 1
+28 2 1
+1 2
fi=(5)
519 2 1
fi=(4)
112 18
fi=(5)
519 18 9
+1 20
fi=(4)
111 20
fi=(5)
520 10
fi=(4)
111 10 10 6
+5 2 1
+8 1
fi=(5)
314 1
fi=(4)
124 2 1
+12 1
+1 3
fi=(5)
268 1
fi=(4)
137 1
fi=(5)
296 1
fi=(4)
137 2
fi=(5)
296 1 1
fi=(4)
136 5
+1 15
fi=(5)
268 5
fi=(4)
137 5
fi=(5)
296 5
fi=(4)
137 10
fi=(5)
296 5 5
+9 12 6
+3 6
-3 12
+3 18 6
+6 36 6 0 6 1
fi=(3)
68 4 1
+2 3
fi=(5)
427 12
fi=(4)
124 19 6 4
fe=(2)

fn=(52)
710 10

fn=(102)
496 1
+2 1
-2 1
+3 8
cfi=(22)
cfn=(104)
calls=1 2189 
* 2797 434 161 11 1
* 1
+2 2

fn=(92) handle_ld_preload
757 7
+1 1
-1 1
-75 1
+86 1
-11 1
-75 6
+80 3 1
fi=(31) /build/glibc-S7Ft5T/glibc-2.23/elf/../string/bits/string2.h
961 1
+1 310 103
+1 101
-2 101
+2 101
-2 304 101 5
+2 1
-2 3 1 1
fe=(2)
766 2 1
+10 4 2
108 3 1
779 2 1
677 1
+5 5
-10 1
+4 1
+1 1
+1 1
+2 1
+2 1
cfi=(32)
cfn=(96)
calls=1 163 
* 2873 435 161 13 3
+1 3 1
+13 3
+84 1
-18 3 1
+21 9
-15 4
cfi=(18)
cfn=(46)
calls=1 61 
* 95 16 9
* 1
+1 2

fn=(26) dl_main
790 1
+19 1
-19 7
2390 1
790 3
+19 1
+3 1
-22 1
2385 1
812 1
+4 2
+1 2
+5 2
2383 2
+7 4
-4 1
+4 8
+2 2
cfi=(13) /build/glibc-S7Ft5T/glibc-2.23/elf/dl-environ.c
cfn=(28) _dl_next_ld_env_entry
calls=1 30 
* 418 142 26
* 4
cfi=(13)
cfn=(28)
calls=2 30 
* 27 7 2
* 9 3 1
+4 50 23 4
+1 19
-1 57 19 10
+3 4 2
+6 14 2 0 2 2
2553 3 1
+30 3 1 1
832 3 1 1
1033 7
cfi=(15)
cfn=(32)
calls=1 61 
* 250 36 22 3 3
+2 1
-2 1
+2 1 1
+1 1
+1 1
+5 2
-5 1
+1 2
+4 1
cfi=(15)
cfn=(48)
calls=1 32 
* 33 1 0 2 2
+1 3 1
799 1
1072 1
-3 1
-5 1
+1 1
+2 1
+5 7 1
+56 5
-55 36 18 6
-1 33 11 1
+1 55 27 11
1175 5 1 1
+3 2 1 1
+2 2 1 1
+2 3 1
+13 3 1
+1 6
cfi=(19)
cfn=(54)
calls=1 144 
* 24 3 1
* 2 1
+7 1
+3 1
-5 1
+3 1
+2 1 1
+1 2
+4 2 1
+2 2 1
fi=(3)
30 1
+9 2 1
+6 1
-2 1
+2 2 1
+15 1
+5 1
+3 1
+2 1
-3 1
-3 1
-3 14
+10 3
-26 9 3 1
+16 19
+10 19
-26 57 19
+26 1
-26 3 1
+2 46 23 10
+13 16 4 3
+2 4 1 1
+16 3 1 1
+38 3 1
+5 2 1
+7 2 1
+1 3 1
+16 3 1 1
+14 3 1 1
+18 2 1 1
fe=(2)
1218 2
cfi=(6)
cfn=(10)
calls=1 956 
* 23 2
+3 2 1
fi=(20) /build/glibc-S7Ft5T/glibc-2.23/elf/setup-vdso.h
24 2 1 1
fe=(2)
1243 1
cfi=(8) /build/glibc-S7Ft5T/glibc-2.23/elf/../sysdeps/unix/sysv/linux/dl-sysdep.c
cfn=(60) _dl_discover_osversion
calls=1 45 
* 93 16 7
* 8 3 1
-75 2
+1 2
+1 1
-6 2
+1 1
-88 3
+1 1
+50 4
-1 16
+2 8 4 3
+1 1
+3 2
+1 2 1
-1 6
+1 6 3
+1 4
+1 10 5 3
+1 2
-43 1
-2 2
+27 1
-25 2
+7 1
-10 1
+10 1 1 1
-19 3
+1 1
fi=(3)
65 4 1 1
+3 4 1
+2 4
fe=(2)
2480 1
+1 1
-1 2 1
+1 3
cfi=(14)
cfn=(30)
calls=1 24 
* 31 11 4
* 2 1 1
-55 4
cfi=(14)
cfn=(30)
calls=1 24 
* 18 6 1
* 2 1 1
+7 4
cfi=(14)
cfn=(30)
calls=1 24 
* 36 12 2
* 2 1
+2 3
+48 3
1248 2
cfi=(22)
cfn=(64)
calls=1 689 
* 2108 363 94 13 1
+3 3
cfi=(29)
cfn=(86)
calls=1 50 
* 17 3 2
+7 1
-7 1
+2 1
+5 1 1
+3 3
+1 1
+3 1
-3 3
+1 2
+3 1
+5 1
-7 1
+7 1 1
+1 5
+17 2 1
+1 2 1
+5 1
-3 4
+2 2
+1 3
+5 3 1
+1 5 1
+2 2
+1 2
+5 2 1 1
+5 1
805 1
1314 2 1
1491 1
cfi=(30)
cfn=(88)
calls=1 115 
* 4 1
* 1
+8 3 1
+3 1
+4 3 1 1
+5 1
+1 1
cfi=(29)
cfn=(90) _dl_debug_state
calls=1 74 
* 1
+1 1
+4 3 1
+15 3 1
+4 1
-2 1
+2 2 1
+2 3
+1 1
-1 2
+1 1
cfn=(92)
calls=1 757 
* 3960 664 176 13 3
* 1
+1 1
+2 6
+10 3
cfi=(24)
cfn=(68)
calls=1 84 
* 9 1 1
* 2 1
+77 1
-96 1
+96 3 1 1
+17 3
+1 1
-1 1
+1 2
-1 1
+1 5
cfi=(40)
cfn=(130) _dl_map_object_deps
calls=1 161 
* 6792 1223 348 25 4
+1 1
+2 2
+3 1
-3 3
+3 1
-3 1
+3 3 1
+1 4
-1 2 1 1
+1 12
-1 6 3 2
+4 3
+1 3 1
+1 1
+2 2 1
+1 6 1
-1 5 1
+1 5 2 1
-1 3 1 1
-3 1
+16 1
+1 2
-1 1
+1 1 1
+2 1
+2 3 1 1
+2 1
-4 1
+5 1
-1 2 1 1
+14 2 1
+1 2
+1 3 1 1
+11 1
+2 1
-2 1
+2 2
-1 1
+1 1
-2 3
+2 1
cfi=(32)
cfn=(148)
calls=1 205 
* 2474 309 94 18 5
+10 1
+1 1
-1 1
+1 1 1
+1 1
cfn=(158) init_tls
calls=1 589 
* 619 326 25 7
* 1
+2 2 1
719 1
+2 3
fi=(131) /build/glibc-S7Ft5T/glibc-2.23/elf/../sysdeps/unix/sysv/linux/dl-osinfo.h
77 1
fe=(2)
730 1
+7 1
-5 1
1729 3 1
1959 3 1 1
2080 3
+7 1
+2 3
+19 1
-19 4
+2 1
+2 12
+5 8
+2 8 4 1
+6 4
+2 8 4 1
+1 24
cfi=(45)
cfn=(164)
calls=3 149 
* 66859 10903 499 113 13
+4 14 5 4
-22 10 5 4
+25 1
+2 5
+6 1
-6 1
+6 1 1 1
+5 4 2
+2 1
+5 3
cfi=(30)
cfn=(200)
calls=1 450 
* 147 22 9
+3 2 1 1
+9 3 1
+2 2 1
+15 1
+2 1
-2 2
+3 1
-3 1
+3 1
-3 1
+3 3
cfi=(45)
cfn=(164)
calls=1 149 
* 3938 567 68 8 2
+1 1
+2 6
+8 1
cfi=(7)
cfn=(202) _dl_sysdep_start_cleanup
calls=1 256 
* 1
+4 3 1
+20 3
cfi=(29)
cfn=(86)
calls=1 50 
* 8 3 3
+1 1
-1 1
+2 1
cfi=(29)
cfn=(90)
calls=1 74 
* 1
+1 1
+4 1
cfi=(42)
cfn=(204) _dl_unload_cache
calls=1 322 
* 15 2 1
+5 8
2114 2
cfi=(30)
cfn=(198)
calls=1 890 
* 20 1
* 1
-12 1
+1 1
-3 2 1 1
-85 1
+11 1
-7 1
-4 1
+4 3
+4 2
+3 1 1 1
1633 5
+1 1
-1 3
+4 3
+1 1
+1 2 1
+1 2 1 1
+32 2
1237 3

fn=(158)
589 1
+6 1
-6 1
+2 2
+4 1 1
+10 4
cfi=(17)
cfn=(36)
calls=1 103 
* 38 4 1 2
* 1 0 0 1
+11 1
-5 1
-7 1
+6 1
+2 1
-1 1
+5 1 1 1
+2 1
-1 1
+1 10 5 1
+2 8 4 3
+4 1
+2 1
-2 2
-5 8
+9 3 1 1
+3 1
cfi=(30)
cfn=(160)
calls=1 138 
* 71 7 1
+7 1
cfi=(30)
cfn=(162)
calls=1 354 
* 439 301 15 4
+1 1
-1 1
+1 1 1 1
+6 1
+3 1
-3 1
+3 6 1 1
+3 1
+2 1
+1 2

fn=(98)
664 8

fn=(50)
704 10

fl=(6)
fn=(172) do_lookup_x
355 630
+1 90
-1 450
+48 90
-30 90
-11 90
+41 90
+7 180
-7 180
-30 360
+37 360
-44 180
+3 180 90
-3 386
+3 386 193
+4 566 283 11
+4 566 283
+4 566 283 1
+6 849 283
+8 283
-4 283
+1 283
+3 566
+1 849
+3 283
+1 566 283
+2 566
+8 283
-8 283
+8 2830 283 90
-99 200
553 1408 536 27
+1 58
cfi=(34)
cfn=(106)
calls=29 288 
* 3039 362 37 36 6
* 87 29
+3 600 200 15
+3 7
+1 720
-92 166 83
+50 624 229 15
+4 30 10
+12 166
+1 83
+1 166
413 504
+2 168 84
+2 1092
+13 246 82 1
-10 825 165 62
+2 166
+1 415
-1 83
+1 581
-1 83
+1 249
cfn=(174) check_match
calls=83 92 
* 7243 1016 70 8 6
+4 249 83 3
+34 2 1 1
+94 7
439 747

fn=(174)
92 664
+3 581 166 6
+12 498 83
+3 408 83 10
cfi=(19)
cfn=(54)
calls=19 +34 
* 798 92 29 8 6
* 38 19
+5 83
-1 83
+1 83 83 3
+2 162 81
+19 162
+1 648 81 9
+46 83
-7 83
+7 415
-18 4 2
+2 2
+1 8
-1 10 2 2
-29 243
cfi=(19)
cfn=(54)
calls=81 +6 
* 1944 243 11
* 243 81

fn=(10)
956 12 4
+4 4
+4 8
+2 4
-1 4
+3 12 4
+1 4
+1 4
+3 4
-3 4
+7 4
-4 4
-1 4
+3 4
+2 4
-7 4
+7 4
+1 4

fn=(170)
806 990
568 90
806 360
568 450 90 1
+1 90
-1 90
+1 270
-1 270 90 9
+1 1143
-1 1143
+1 3429
-1 3609 1143 120
808 90
+4 90
+4 90
-8 90
+1 180
+7 252 171 5
+7 90
-2 90
+2 90
-2 90 90
+6 90
-7 90
+7 180 90
-7 540
+15 7 7 2
-8 35 7 2
+2 1260
cfn=(172)
calls=90 355 
* 33378 4861 333 44 12
+3 270 90 2
+26 180 90 2
+22 83
+1 581 166
+31 83
+9 415 83
+14 249 83 1
+3 332 83
+5 83
+2 720
-85 49 14 2
+16 7
+1 14
+59 2

fl=(42)
fn=(204)
322 4 1 1
-1 1
+3 2
cfi=(43)
cfn=(206)
calls=1 84 
* 5 1
+1 1
+2 2

fn=(138)
185 9
+8 2 1
+3 3 1 1
+51 2 1
+9 1
+6 2
-6 4
+6 1
cfi=(24)
cfn=(68)
calls=1 84 
* 9 1 1
+19 1
-19 1
+19 122 11
cfn=(142) _dl_cache_libcmp
calls=8 138 
* 585 163 29
* 43 20 5
-15 4
+15 14 2 1
cfn=(142)
calls=1 138 
* 71 20 4
* 7 2 1
-82 4
cfi=(34)
cfn=(140) _dl_sysdep_read_whole_file
calls=1 45 
* 94 10 3
+8 1
-8 1
+8 4 2
+1 4
cfi=(14)
cfn=(30)
calls=1 24 
* 38 13 3
* 2 1
+7 1
-3 1
+3 3
+3 1
+1 2
-1 1
+1 1 1
+1 4
cfi=(14)
cfn=(30)
calls=1 24 
* 32 10 5
* 2 1 1
+61 21 6 2
+16 2 1
+4 2 1
+8 3
cfi=(11)
cfn=(22)
calls=1 66 
* 34 3 1
* 2
+1 1
-1 4
+1 2
cfi=(18)
cfn=(46)
calls=1 61 
* 28 6 3
+1 2
cfi=(28)
cfn=(80)
calls=1 40 
* 109 13 5 2
+1 8
-31 9 1 1

fn=(142)
138 27
+1 20 10 1
+2 90
+2 45
-2 45 45 14
+2 2 1
+6 1
+2 1
-1 1
-1 1
+1 1
+1 4 1 1
+2 5 1 1
+2 2 1 1
+6 88 44
+2 160 44 8
+4 36
+1 36
-29 72 36 7
+32 3
-7 16

fl=(18)
fn=(46)
61 14
+2 14
+2 14 14 6
+3 11
+1 11 11 5
+2 6
+1 6
+2 6
+1 6
+5 6
+1 6 6 1
-1 5
+1 5 5 4
+2 6
+1 6
+2 6
+1 12
+5 6
+1 6 6 2
-1 5
+1 5 5 5
+2 4
+1 4
+2 4
+1 4
+5 4
+1 4 4 2
-1 7
+1 7 7 4
+2 5
+1 5
+2 5
+1 5
+5 5
+1 5 5 3
-1 6
+1 10 6 4
+5 4
+1 4
+1 4
+1 4
+2 4
+2 4
+1 4
+2 4 4
+8 11
+8 6
+6 6
+2 6
+1 6 6 5
+3 1
+1 3
+5 1
+1 1
+2 1
+2 1
+1 1
+2 1 1 1
-8 2
+1 2
+2 2
+2 2
+1 2
+2 4 2 1
+9 1
+1 1 1
-1 5
+1 5 5
+3 6
+1 6
+1 6 6
+5 9
+2 9
+1 9
+1 9
+1 9
+2 9
+1 9
+1 9
+1 9
+2 9
+1 9
+2 9 9 6
+2 3
+2 3
+1 3
+1 3
+1 3
+2 3
+1 3
+1 3
+1 3
+2 3
+1 3
+2 3 3 3
+5 6
+6 6
+1 6 6 3
+2 3

fl=(83)
fn=(334)
182 5 1
+1 4 1
+1 12 6 2
+1 2 1 1
+3 2 1
+4 1
-9 6 2 2

fl=(26)
fn=(72)
53 13
+1 13
+1 13
+1 13
+1 13
+2 13
+1 13 13 4
+1 11
+1 11 11 10
+15 2
+1 2
+1 2
+1 2
+1 2
+1 2
+1 2
+1 2
+1 2
+1 2
+1 2
+1 2
+1 2
+1 4 2
+3 2
+1 2
+1 2
+1 2
+1 2
+1 2
+1 2 2 1
-6 34
+1 34
+1 34
+1 34
+1 34
+1 34
+1 34 34 7
+1 2
+3 11
+1 11
+1 11 11 6
+1 4
+1 4 4 2
+1 2
+1 2 2 2
+3 2
+1 2 2
+1 2
+1 2
+2 2
+1 2
+1 2
+2 7
+1 7
+1 7

fl=(14)
fn=(30)
24 13
+1 13 13
+1 13
+1 13 13
+1 13
+1 13
+1 13
+1 13 13
+3 13
+1 13 13 8
+1 5
+1 5
+1 5
+1 5 5
+1 5
+1 5
+1 5 5 1
+2 12
+1 12 12 5
+1 4
+1 4
+1 4
+1 4 4
+1 4
+1 4
+1 4 4
+2 12
+1 12 12 7
+1 5
+1 5
+1 5
+1 5 5 3
+1 2
+1 2
+1 2 2
+2 9
+1 9 9 4
+1 5
+1 5
+1 5
+1 5 5 4
+5 4
+1 4
+1 4
+1 4
+1 4
+1 4
+1 4 4 2
+1 2
+1 2
+1 2
+1 2
+1 2
+7 2
+2 3
+4 8
+1 8 8 6
+1 1
+1 1
+1 1
+1 1
+1 1
+1 1
+1 1
+1 1
+1 1
+1 1
+1 1
+4 9
+1 9

fl=(10) /build/glibc-S7Ft5T/glibc-2.23/elf/../sysdeps/x86/cpu-features.c
fn=(20) init_cpu_features.constprop.0
46 2
+16 1
-16 4
+16 1
-16 1
+19 1
-3 1
+3 8 1 1
176 3 1
+1 1
+3 2 1
+1 1
+2 2 1
+1 7
+7 3 1
+4 2
+2 4 1 1
+41 2 1 1
+75 2 1 1
+11 1
+2 1
-1 1
+2 8
-85 4
+1 2 1
+3 1
+2 1
-2 3
+2 2
+3 2 1 1
-50 2 1
+1 1
+6 3 1
+2 1
+3 3 1
+16 2 1
+1 1
+2 2 1 1
+81 2 1
+1 2 1 1
+4 2
30 2
+4 1
-4 1
+5 1
-1 1
+2 1
-1 1
+1 1
-2 1
+1 1
+1 1
+1 1
-7 2
+3 1
+4 1 1
+5 1
+32 2
-32 1
+27 1
+5 1 1
+3 1
+1 7 1 0 1 1
+57 2
-66 2
+44 2 1 1
314 2 1 1

fl=(23)
fn=(66)
39 6
+3 1
-3 2
+3 1
-1 1
+1 1
+9 1
-12 4
+12 2 1 1
+10 4 1 1
162 2 1 1
-47 3
cfi=(24)
cfn=(68)
calls=1 -31 
* 9 1 1
* 2 1 1
+55 3 1
+2 2
+1 5
+4 2
+4 1
-4 1
+1 1
+3 1 1
+3 1
+1 1
-1 1 1
+4 3
+1 1
-1 9
+1 1 1 1
+18 10
+1 2
-1 1
+1 3
cfi=(17)
cfn=(40)
calls=1 94 
* 29 3 1 1
* 1 0 0 1
+1 1
-1 1
+1 5 1
+29 1
+3 1
-3 2
+3 1 1 1
+23 7
+6 2
-1 2 1 1
+1 6
-1 8 3 2
+5 6
+3 1
-3 1
+3 1 1
-3 3
+3 1
-3 1
+3 5 1
+1 12 4 1
+1 4
-1 4
+1 8
-2 4
+1 8 4 1
-1 14 4 2
+4 4 2 1
+4 1
-1 1
+2 1
-2 1
+1 1
+1 1
-2 1
+2 10 1 1
+13 2
+1 1
-1 1
+3 2 1 1
-3 2
+1 1
-1 1
+3 2 1
+3 4
+3 1
-1 1
+1 9
113 1
+17 1
+1 1
-1 9
243 6
cfi=(25)
cfn=(70)
calls=1 61 
* 22 6 3
* 4
cfi=(25)
cfn=(70)
calls=1 61 
* 18 6 4
+1 4
cfi=(25)
cfn=(70)
calls=1 61 
* 22 6 3
* 4
cfi=(25)
cfn=(70)
calls=1 61 
* 18 6 4
* 12

fl=(44)
fn=(156) match_symbol
76 33
+9 3
-8 3
-1 6
+1 3
+8 3 3
+6 9 3
+15 3
+1 6 3
+2 3
+5 6 3
+14 20 10 3
+12 21 7
+4 7
-30 14 7 7
+19 15
cfi=(19)
cfn=(54)
calls=3 +11 
* 72 9 3
* 6 3
+35 24

fn=(154) _dl_check_map_versions
189 12 4 1
-15 36
+17 4
+3 12
-3 4
+2 4
+1 4
+2 4
-3 4
+3 4 4 2
+3 4
+4 2
-4 2
+4 8 2
+17 2
56 4
220 2
56 10 2 2
+1 5
-1 10 5
+2 21
cfi=(34)
cfn=(106)
calls=7 288 
* 757 91 21 7 3
* 16 7 3
228 6 2
+5 16
+19 1
-15 42 3 2
cfn=(156)
calls=1 76 
* 75 12 3
* 8
cfn=(156)
calls=2 76 
* 182 36 10
* 3
+7 18
+3 9 3 1
+9 12 2 2
+14 4 2 1
+3 8
+10 28
-7 112
+3 84 28 12
-3 8
+3 6 2 2
+8 9 3 3
+87 8
-81 12
cfi=(17)
cfn=(36)
calls=3 103 
* 114 12 6 6
* 3 0 0 3
+1 3
-2 3
+2 3 3
+11 3
+2 3
-5 3
+3 3
+2 3
-2 3
+2 3 3 1
+3 8
+4 6
+18 1
-15 3
+2 3 1
-2 6
+2 6 2
+2 3
+1 3
-1 6
+1 3
-1 3
+1 3
+1 3
-2 3
+2 6
+1 9
+3 9 3 1
+8 6 2 2
+10 9 3 1
+3 8
+20 28
-14 60 30 1
-2 28
+7 56
+1 28
-1 84
+1 28
-1 28
+1 28
+1 28
+3 90 30 12
+10 27
183 2
-8 2
+95 4 2 1
-80 2

fn=(152)
380 5
+4 7 1
+2 28 4
cfn=(154)
calls=4 189 
* 2359 299 90 16 3
-2 4
+2 12
-1 4
-1 8 4 3
+5 7

fl=(37)
fn=(120)
33 10
-1 100
+1 28 10 5
+1 100 10
+2 70
-3 14 6 5

fl=(21) /build/glibc-S7Ft5T/glibc-2.23/posix/../sysdeps/unix/syscall-template.S
fn=(62) uname
84 4 1
+1 1

fl=(7)
fn=(12)
86 8
+25 1
-1 1
+1 210 68 10
+6 1
-3 1
+1 1
-4 1
+3 1
+3 4 1
+1 2
-1 25
+1 108 19 2 17 13
-1 106 29 12
+62 1
+1 1
-1 1
+1 1
-29 1
+1 2
+11 1
+1 1
-1 1
+1 1
-7 1
+1 1
-1 1
+1 1
-4 1
+1 2
-25 1
+1 2
-4 1
+1 2
-7 1
+1 1
+2 1
+1 1
fi=(8)
-90 2
cfi=(9) /build/glibc-S7Ft5T/glibc-2.23/elf/../sysdeps/unix/sysv/linux/x86_64/brk.c
cfn=(16) brk
calls=1 -4 
* 11 2
fi=(5)
225 5 2 1
+4 1
cfi=(10)
cfn=(20)
calls=1 46 
* 134 22 9 1 1
fe=(7)
+2 3 1
+1 1
cfi=(11)
cfn=(22)
calls=1 66 
* 32 2 1
* 1
+2 2
cfi=(12) /build/glibc-S7Ft5T/glibc-2.23/elf/../misc/sbrk.c
cfn=(24) sbrk
calls=1 34 
* 17 3 1
* 3 1
+12 3 1
+3 5 0 0 1 1
cfi=(2)
cfn=(26)
calls=1 790 
* 89136 14895 1481 204 35
+2 9
-11 2

fn=(202)
256 1

fl=(27)
fn=(74)
24 7
+1 7
+1 7
+1 7
+1 7
+1 7
+1 7
+1 7 7
+1 7
+1 7
+1 7
+1 7
+1 7
+1 7
+1 7
+1 7
+1 7 7 4
+1 3
+4 3
+1 3
+1 3
+1 3
+2 3
+4 4
+1 4
+1 4
+1 4
+1 4
+1 4
+1 4
+1 4
+1 4
+1 4
+1 4
+1 4
+1 4
+1 4
+1 4
+1 4
+1 4
+1 4
+1 4
+1 4
+1 4
+1 4
+1 4
+1 5 4 3
+5 1
+1 1
+3 1
+1 1
+1 1
+1 1
+1 1
+1 1
+1 1
+1 1
+1 1
+1 1
+1 1
+1 1
+1 1
+1 1
+1 1
+1 1
+1 1
+1 1
+2 1
+1 1 1 1
-20 1
+1 1
+1 1
+1 1
+1 1
+1 1
+1 1
+1 1
+1 1
+1 1
+1 1
+1 1
+1 1
+1 1
+1 1
+1 1
+1 1
+1 1
+2 1
+1 1 1
+2 1
+1 1
+1 1
+1 1
+1 1
+1 1
+1 1
+1 1
+2 1
+1 1
+1 1
+1 1
+1 1
+1 1
+1 1
+1 1
+1 1
+1 1
+3 1
+4 1
+1 1
+1 1
+1 1
+2 1
-9 3
+4 3
+1 3
+1 3
+1 3
+2 3

fl=(8)
fn=(60)
45 7
+2 3 1 1
+85 8
-45 3
cfi=(21)
cfn=(62)
calls=1 -3 
* 5 1
* 1
+15 1
-15 1 1
+20 1
-1 1
+3 12 3
+4 3
-2 6
+2 10 3 2
+2 1
+1 2
-3 4 1
+7 3
-1 3
+4 3
-2 3
+2 10 5 3
+5 2 1 1

fl=(127)
fn=(518)
130 8
+17 1
+3 15 2 1
+3 2 0 0 1 1
cfi=(2)
cfn=(50)
calls=1 704 
* 2
+2 1
+3 2 1
+2 6 1 1
+8 1
-3 1
+3 8
+7 8 4
+2 8 4
+2 4
+1 4
+5 4
-6 4
-6 4
+8 4
-8 9 4 3
+14 9 2
+1 2 1 1
+4 1
31 1
+2 1
192 1
33 1 1
+6 1
-1 1
+2 1
-2 2
+1 8
+1 1
cfi=(26)
cfn=(72)
calls=1 +13 
* 15 3 2
* 1
+77 15 3 1
+3 16
cfi=(26)
cfn=(72)
calls=2 -67 
* 37 10 5
* 6
-76 9
+1 9
+4 12 6
+6 6
+1 6 3 1
+2 15
+1 7 3 2
+2 9 3 1
+1 6 2 2
201 3 0 0 1 1
cfi=(2)
cfn=(52)
calls=1 710 
* 2
+5 3 1
81 4
208 1
+2 3 1
-2 3
+2 9 3
+3 8
+3 12 4 3
+4 4 2
+9 2
+3 2
-3 2
+3 4
+2 8 2
+1 4 0 0 2 2
cob=(4)
cfi=(55)
cfn=(532)
calls=1 0 
* 78 11 5 1 1
cob=(5)
cfi=(65)
cfn=(520)
calls=1 0 
* 12 2 1
-1 8 2
+5 4 2
+1 6 0 0 2 2
cob=(2)
cfi=(16)
cfn=(552)
calls=1 0 
* 3
cob=(2)
cfi=(16)
cfn=(530)
calls=1 0 
* 3
+6 24 8 2
+16 8
-56 11 4 3
+11 6 2 2
92 9 3
+21 3
-57 8 3 1
268 4 1
+2 1
-2 2 1
+6 2 1
+7 8

fl=(28)
fn=(80)
40 12
+1 3
cfi=(11)
cfn=(22)
calls=3 +25 
* 136 11 5
* 3
+1 6
cfi=(17)
cfn=(40)
calls=3 +52 
* 87 9 3 3
* 3 0 0 3
+2 6 3
+4 3
-1 6
+1 6
-1 6
cfi=(18)
cfn=(46)
calls=3 +14 
* 143 26 10

fl=(34)
fn=(106)
288 215
+1 86
cfi=(19)
cfn=(54)
calls=43 144 
* 1434 163 37 17 11
* 43
+1 43
-1 43 43
+3 43
+2 86 43 11
+4 44
-4 88 44 8
+1 141
cfi=(19)
cfn=(54)
calls=47 144 
* 2014 217 38 34 2
* 94 47 8
-5 3
+11 55
-1 40
+1 160

fn=(140)
45 2
+7 1
-7 3
+7 1
-7 3
+7 1
cfi=(24)
cfn=(110)
calls=1 +32 
* 5 1
+1 2 1
+2 5
cfi=(36)
cfn=(118)
calls=1 -21 
* 10 2
* 2 1
+2 1
+3 1
-3 1
+3 1 1 1
+13 2
cfi=(24)
cfn=(128)
calls=1 +11 
* 5 1
+3 7
-14 6
cfi=(37)
cfn=(120)
calls=1 -29 
* 33 3 2
* 2

fl=(12)
fn=(24)
34 4
+8 6 2
+4 2 1 1
+16 5

fl=(13)
fn=(28)
30 3
+3 10 3 2
+13 65
-13 195 65
+2 134 67 22
+1 28 14 4
+5 2
-3 2
+3 2
+2 2
-12 1
+19 1

fl=(40)
fn=(132)
60 4
+7 2
-4 22
cfi=(22)
cfn=(104)
calls=2 2189 
* 5238 931 265 15 3
* 2
+5 4

fn=(130)
161 1
-1 1
+1 1
-1 4
+1 1
-1 2
+1 1
-1 2
+1 1
-1 2
+1 3
-15 1
+15 1
-17 1
+1 1
+1 1
+6 4
+26 1
-26 1
+26 7 1
-34 1
+2 1
+33 2
-33 1
-2 1
+2 2
-2 1
+1 1
+1 1
+6 3
+26 1
-26 1
+26 5 1
+4 1
+21 1
+1 1
-22 2
+19 1
-12 1
+15 1
-16 2
+13 1
317 9
217 1
-4 1
-4 1
+8 4 1 1
-4 3
-4 3
+8 3 3 3
+12 8 4 3
+2 2
+11 2
-5 2
-6 4
+5 2
+2 4
+1 4
+3 14 2
+50 6 2 1
+1 3
-51 192 48 2
+1 96 48 6
+6 10
cfi=(27)
cfn=(74)
calls=2 24 
* 70 5 2
* 4 2
+5 10
-3 2
+3 2
cfi=(32)
cfn=(96)
calls=2 -91 
* 5396 933 265 19 4
+2 6 2
+15 2
+2 4 2
+5 2
+6 2
+2 2
-8 4
+3 2
+1 2
+1 2
+1 2
+4 12
+7 138 46 6
459 12 4 2
+2 6
+2 6
cfi=(17)
cfn=(40)
calls=2 94 
* 58 6 2 2
* 2 0 0 2
+2 2
-2 2
+2 2 2
+4 8
-1 2
+1 2
cfi=(18)
cfn=(46)
calls=2 61 
* 41 13 8
+1 10
cfi=(18)
cfn=(46)
calls=2 61 
* 41 13 8
+4 2
-1 2
+5 22 4 4
+7 6 2
+1 1
+3 5 1 1
+10 4
cfi=(17)
cfn=(40)
calls=1 94 
* 29 3 1 1
* 1 0 0 1
+3 1
-3 1
+3 1 1
+5 6
+1 1
-1 3 1
+1 2
+8 2
+4 3
-4 1
-6 3 1 1
-2 3
+8 6
+4 9
-4 3
-6 9 3 2
+13 3 1
+51 3 1
+2 3 1 1
+42 1
-4 1
+5 2
-1 4
+1 2
cfi=(26)
cfn=(72)
calls=1 53 
* 15 3 2
* 1
-2 9
+7 1
-1 1
+1 1
-1 2
+7 1
-7 1
+7 2 1
-13 2
+7 2
-1 2
+1 2
-1 4
+7 2
-7 2
+7 6 2 1
+2 8
+1 4 2 2
-1 4
+1 3 1
+2 9 3 1
+1 6 2 2
+28 18
cfi=(26)
cfn=(72)
calls=2 53 
* 37 10 5
* 10
-6 3
-28 6 3 1
+31 10 3 1
-6 2
+16 2
+2 1
+1 1
-1 1
+2 3 1 1
+7 3 1 1
+3 3 1
+3 8
481 9 3 3
-1 4
+1 9 4 3
202 2
+27 8 4
-19 4
+8 25 11 2
+2 2
+2 8 2
+2 30 2
338 6
611 8
cfi=(18)
cfn=(46)
calls=1 61 
* 28 6 3
+2 1
-38 1
+38 1 1 1
209 2

fl=(29)
fn=(90)
74 2

fn=(86)
50 8 4 4
+5 6 3 3
+5 2
-1 1
+1 2
+1 2
-1 1
+4 1
-13 4
+4 8 4 3
+4 1
-1 1
+1 4 1 1

fl=(9)
fn=(16)
31 7 1
+8 1
-6 2 1
+7 1

totals: 189642 35319 4854 512 152
