# callgrind format
version: 1
creator: callgrind-3.20.0.GIT
pid: 7576
cmd:  ./date_ex
part: 1


desc: I1 cache: 
desc: D1 cache: 
desc: LL cache: 

desc: Timerange: Basic block 0 - 45138
desc: Trigger: Program termination

positions: line
events: Ir Bc Bcm Bi Bim
summary: 212733 39309 5298 592 186


ob=(5) /home/linuxbrew/.linuxbrew/Cellar/valgrind/HEAD-9fd4181/libexec/valgrind/vgpreload_core-amd64-linux.so
fl=(67) ???
fn=(246) 0x0000000000001120
0 17 2 1

fn=(574) 0x00000000000010e0
0 8 2 1
cob=(2) ???
cfi=(16) ???
cfn=(580) 0x0000000004027030
calls=1 0 
0 57 8 3 1 1
0 1
cfn=(588) 0x0000000000001050
calls=1 0 
0 9 1 1
0 3

fn=(588)
0 9 1 1

ob=(2)
fl=(16)
fn=(602) 0x0000000004a2d5f8
0 1 0 0 1 1
cob=(3) /lib/x86_64-linux-gnu/libc-2.23.so
cfi=(142) /build/glibc-S7Ft5T/glibc-2.23/stdlib/cxa_finalize.c
cfn=(582) __cxa_finalize
calls=1 31 
0 56 8 3

fn=(358) 0x0000000004d508a0
0 11 0 0 11 2
cob=(3)
cfi=(92) /build/glibc-S7Ft5T/glibc-2.23/malloc/malloc.c
cfn=(360) malloc
calls=11 2909 
0 61445 13809 2207 12 10

fn=(580)
0 1 0 0 1 1
cob=(3)
cfi=(142)
cfn=(582)
calls=1 31 
0 56 8 3

fn=(594) 0x00000000040272b8
0 3

fn=(82) 0x0000000004000ab0
0 1 0 0 1 1
cob=(1) /lib/x86_64-linux-gnu/ld-2.23.so
cfi=(17) /build/glibc-S7Ft5T/glibc-2.23/elf/dl-minimal.c
cfn=(84) free
calls=1 120 
0 6 1

fn=(276) 0x0000000004a2d428
0 6 1 1

fn=(242) 0x0000000004027000
0 6 1 1

fn=(312) 0x0000000000401000
0 6 1 1

fn=(352) 0x0000000004d508a8
0 9 0 0 9 1
cob=(3)
cfi=(92)
cfn=(354) free
calls=9 2941 
0 566 113 44

fn=(572) 0x0000000000401904
0 3

fn=(612) 0x0000000004a9ed2c
0 3

ob=(3)
fl=(143) /build/glibc-S7Ft5T/glibc-2.23/nptl/unregister-atfork.c
fn=(584) __unregister_atfork
28 8
+8 2
+3 4 2 2
+82 6

fl=(110) /build/glibc-S7Ft5T/glibc-2.23/libio/filedoalloc.c
fn=(426) _IO_file_doallocate
95 10
+15 12 2 0 2 1
cfi=(105) /build/glibc-S7Ft5T/glibc-2.23/libio/fileops.c
cfn=(428) _IO_file_stat
calls=2 1229 
* 28 4
* 4 2
+2 8 2 1
+11 6 2 2
+4 4
cob=(2)
cfi=(16)
cfn=(358)
calls=2 0 
* 606 118 45 2
* 2
+2 2
-1 4 2
+2 8
cfi=(104) /build/glibc-S7Ft5T/glibc-2.23/libio/genops.c
cfn=(430) _IO_setb
calls=2 380 
* 36 2 2
+1 2
+1 10
-15 1
-2 9 1
+5 2

fl=(137) /build/glibc-S7Ft5T/glibc-2.23/libio/iovsprintf.c
fn=(540) vsprintf
32 2
+7 1
-7 3
+7 1
-7 3
+7 3
-2 1
+2 1
cfi=(104)
cfn=(398) _IO_no_init
calls=1 599 
* 44 2 2
+1 1
+1 4
-1 1
+1 1
cfi=(127) /build/glibc-S7Ft5T/glibc-2.23/libio/strops.c
cfn=(498) _IO_str_init_static_internal
calls=1 -5 
* 53 3 2
+1 4
cfi=(128) /build/glibc-S7Ft5T/glibc-2.23/stdio-common/vfprintf.c
cfn=(500) vfprintf
calls=1 1236 
* 1445 195 43 16 8
* 1
+1 4 1 1
+2 7

fl=(89) /build/glibc-S7Ft5T/glibc-2.23/time/tzset.c
fn=(478) __tzstring
128 108
+1 18
cfi=(91) /build/glibc-S7Ft5T/glibc-2.23/string/../sysdeps/x86_64/strlen.S
cfn=(350) strlen
calls=18 -63 
* 288 36
-32 18
+32 18
-32 75 18 9
+1 165 55 15
+2 39
+1 78
-1 39
+1 78
cfi=(111) /build/glibc-S7Ft5T/glibc-2.23/string/../sysdeps/x86_64/multiarch/../memcmp.S
cfn=(440) __GI_memcmp
calls=39 -77 
* 937 293 35
* 78 39 4
-4 123 41 14
+9 6
cob=(2)
cfi=(16)
cfn=(358)
calls=3 0 
* 555 87 23 3
+1 3
-1 3
+1 3 3
+5 3
-2 3
+1 3
+1 12
cfi=(101) /build/glibc-S7Ft5T/glibc-2.23/string/../sysdeps/x86_64/multiarch/../memcpy.S
cfn=(390) __GI_memcpy
calls=3 -51 
* 64 18 6
+1 3
+3 6
+14 18
-24 2
cob=(2)
cfi=(16)
cfn=(358)
calls=1 0 
* 332 65 22 1
+1 1
-1 1
+1 1 1
+5 1
-2 1
+1 1
+1 4
cfi=(101)
cfn=(390)
calls=1 -51 
* 23 6 2
+1 1
+5 1
+12 1
-12 1
+12 19
-12 14
+12 70

fn=(548) tzset
586 2
+1 2
-1 1
+1 4 2 2
407 1
-3 1
+3 1
cfi=(90) /build/glibc-S7Ft5T/glibc-2.23/stdlib/getenv.c
cfn=(348) getenv
calls=1 34 
* 452 140 4
+7 2 1 1
+23 1
-4 1
+1 1
+3 1
cob=(2)
cfi=(16)
cfn=(352)
calls=1 0 
* 101 19 6 1
+1 2
cfi=(93) /build/glibc-S7Ft5T/glibc-2.23/string/strdup.c
cfn=(356) strdup
calls=1 40 
* 170 31 7 1 1
+3 3
-3 1
+3 1
cfi=(102) /build/glibc-S7Ft5T/glibc-2.23/time/tzfile.c
cfn=(392) __tzfile_read
calls=1 104 
* 82 13 2 1
+1 3 1 1
598 4 2 2
+1 4
425 1
+6 2

fn=(346) __tz_convert
610 8 4
-4 8
+10 4
-10 24
+10 4
-10 4
+10 16 8 7
+5 16 6 2
407 2
-3 2
+3 2
cfi=(90)
cfn=(348)
calls=2 34 
* 904 280 16
+7 2
-7 2
+7 2 2 2
+23 2
-4 2
+1 2
+3 2
cob=(2)
cfi=(16)
cfn=(352)
calls=2 0 
* 119 21 8 2 1
+1 4
cfi=(93)
cfn=(356)
calls=2 40 
* 59614 13477 2089 14 11
+3 6
-3 2
+3 2
cfi=(102)
cfn=(392)
calls=2 104 
* 8397 1704 398 36 9
+1 6 2 2
+17 2
623 4 2
+1 24
cfi=(102)
cfn=(480) __tzfile_compute
calls=4 +19 
* 1746 324 52
+12 16 8 4
+2 8 4
+2 12 4
+7 16
cfi=(122) /build/glibc-S7Ft5T/glibc-2.23/time/offtime.c
cfn=(484) __offtime
calls=4 30 
* 956 78 26
* 8 4 1
+1 8
+6 32
402 8 2
+23 2
+6 4

fl=(115) /build/glibc-S7Ft5T/glibc-2.23/misc/../sysdeps/unix/syscall-template.S
fn=(454) lseek
84 4 1
+1 1

fl=(131) /build/glibc-S7Ft5T/glibc-2.23/stdio-common/_itoa.c
fn=(510) _itoa_word
168 84
+2 42 21 5
+9 414 31 10
+9 42

fl=(50) /build/glibc-S7Ft5T/glibc-2.23/string/../sysdeps/x86_64/multiarch/strcspn.S
fn=(188) strpbrk
45 1
+1 1
+1 1
+1 1 1
+1 1
+1 1

fn=(184) strcspn
45 1
+1 1
+1 1
+1 1 1
+1 1
+1 1

fl=(71) /build/glibc-S7Ft5T/glibc-2.23/misc/init-misc.c
fn=(260) __init_misc
31 2 1
-1 3
+1 4 1
+2 3
cfi=(72) /build/glibc-S7Ft5T/glibc-2.23/string/../sysdeps/x86_64/strrchr.S
cfn=(262) rindex
calls=1 -9 
* 24 3
+4 5
+1 3
+2 4

fl=(103) /build/glibc-S7Ft5T/glibc-2.23/libio/iofopen.c
fn=(412) __fopen_maybe_mmap
41 1
-2 1
+2 1 1 1
+15 1

fn=(396) __fopen_internal
61 6
+8 1
-8 2
+8 1
cob=(2)
cfi=(16)
cfn=(358)
calls=1 -69 
* 185 29 13 1
+2 3 1
+3 1
+3 4
-3 1
+3 2
cfi=(104)
cfn=(398)
calls=1 599 
* 58 2
+4 1
+1 1
-1 1
+1 1
cfi=(105)
cfn=(402) _IO_file_init@@GLIBC_2.2.5
calls=1 +62 
* 94 17 8
+4 5
cfi=(105)
cfn=(406) _IO_file_fopen@@GLIBC_2.2.5
calls=1 249 
* 156 26 8
* 1
+1 1
-1 1 1
+6 5
-5 1
cfn=(412)
calls=1 -46 
* 4 1 1

fn=(394) fopen@@GLIBC_2.2.5
97 2
cfn=(396)
calls=1 -36 
* 536 77 30 1

fl=(96) /build/glibc-S7Ft5T/glibc-2.23/elf/dl-addr.c
fn=(368) _dl_addr
126 9
+5 1
-5 2
+5 2 0 0 1 1
cob=(1)
cfi=(2) /build/glibc-S7Ft5T/glibc-2.23/elf/rtld.c
cfn=(50) rtld_lock_default_lock_recursive
calls=1 704 
* 2
+2 2
cob=(1)
cfi=(97) /build/glibc-S7Ft5T/glibc-2.23/elf/dl-open.c
cfn=(376) _dl_find_dso_for_object
calls=1 +49 
* 39 15 7
cob=(1)
cfi=(79) /build/glibc-S7Ft5T/glibc-2.23/elf/../sysdeps/x86_64/dl-trampoline.h
cfn=(298) _dl_runtime_resolve_xsave
calls=1 -62 
* 1302 173 10 5 3
* 5 0 0 2 2
+2 2 1
30 1
+1 1
-1 1
+1 1
+3 2 1
+5 1
+6 1
-7 1
+2 2
+2 1
-2 1
+2 1
+3 1 1
+5 8 1
+2 1
+1 2 1 1
-1 1010
+1 2020 1010 111
+2 3628
+9 2010 670 31
+7 24
-2 24
+2 2259 24 11
-2 2211
+2 5750 2211 1018
-10 11175 2235 22
+2 8940 2235 3
+1 14318 3500 790
+7 1011
-21 2022 1011 20
+49 3 1
+1 1
+1 3 1 1
+3 2 1 1
+37 2 0 0 1 1
cob=(1)
cfi=(2)
cfn=(52) rtld_lock_default_unlock_recursive
calls=1 710 
* 2
+3 9
-28 1
+1 1
+21 2

fl=(46) /build/glibc-S7Ft5T/glibc-2.23/string/../sysdeps/x86_64/multiarch/strcmp.S
fn=(186) strncasecmp
129 1
+1 1
+1 1
+1 1 1 1
+10 1

fn=(176) strcasecmp
109 1
+1 1
+1 1
+1 1 1 1
+10 1

fl=(133) /build/glibc-S7Ft5T/glibc-2.23/stdio-common/printf.c
fn=(518) printf
28 112 14 4
+4 14
+1 28
-1 70
+1 42
cfi=(128)
cfn=(500)
calls=14 1236 
* 11806 2111 272 97 13
+4 28

fl=(47) /build/glibc-S7Ft5T/glibc-2.23/time/../sysdeps/unix/sysv/linux/x86/time.c
fn=(338) __time_syscall
30 6
+1 3

fn=(178) time
38 2
-1 2
+1 12
fi=(48) /build/glibc-S7Ft5T/glibc-2.23/time/../sysdeps/generic/dl-hash.h
+10 6
+14 8
-17 6 2 2
+3 18
+14 24
-17 18 6 4
fe=(47)
-7 6 2
+3 4
-3 2
+3 2
cfi=(49) /build/glibc-S7Ft5T/glibc-2.23/elf/../sysdeps/unix/sysv/linux/dl-vdso.c
cfn=(182) _dl_vdso_vsym
calls=2 -14 
* 12 2 2
+1 6
+1 4

fl=(128)
fn=(500)
1236 128
+31 48
+8 49 16 6
+4 80 32
+11 80 16
+11 16
fi=(130) /build/glibc-S7Ft5T/glibc-2.23/stdio-common/printf-parse.h
108 48
fe=(128)
1316 16
-15 80
fi=(130)
108 16
cfi=(129) /build/glibc-S7Ft5T/glibc-2.23/string/../sysdeps/x86_64/strchr.S
cfn=(502) strchrnul
calls=16 -84 
* 344 33 2
fe=(128)
1316 16
fi=(130)
108 16
fe=(128)
1312 16
+4 32 16 3
+4 128 0 0 16 4
cfi=(105)
cfn=(520) _IO_file_xsputn@@GLIBC_2.2.5
calls=14 -33 
* 2744 571 75 23 2
cfi=(104)
cfn=(504) _IO_default_xsputn
calls=2 425 
* 8 2 2
* 64 16 5
1685 74 30 5
+1 4 2
+2 16
+1 128
1275 30 15 5
+41 84 14
+1 196 42 5
1685 70 28 8
+1 28 14 2
1320 32 16 8
+4 16
-4 16
+4 32 16 2
+4 192 48 8
1552 32
-21 32
1632 32
-1 32
1370 390 26
-7 26
-1 26
-3 26
-1 26
+8 26
+4 26
-3 26
-10 26
-1 26
-1 26
-1 26
-1 26
+14 26
-15 26
-1 26
-1 26
-1 26
+18 52 0 0 26 9
1649 26
+2 52 26 14
+8 26
fi=(130)
108 52
fe=(128)
1659 26
fi=(130)
108 26
fe=(128)
1659 26
fi=(130)
108 52
cfi=(129)
cfn=(502)
calls=26 -84 
* 544 53 2
fe=(128)
1663 26
-4 26
+4 286 26 0 26 4
cfi=(105)
cfn=(520)
calls=16 1287 
* 1956 369 42 10
cfi=(104)
cfn=(504)
calls=10 425 
* 352 50 4
* 338 52 3
+2 68 26 6
-34 1062 228 45
cfi=(132) /build/glibc-S7Ft5T/glibc-2.23/libio/iopadn.c
cfn=(512) _IO_padn
calls=2 37 
* 150 20 2 2
* 215 27 0 21 2
cfi=(105)
cfn=(520)
calls=13 1287 
* 941 171 14
cfi=(104)
cfn=(504)
calls=8 425 
* 389 57 10
* 210 42
+1 52
-1 75 21 7
cfi=(131)
cfn=(510)
calls=3 168 
* 102 9 4
* 180
cfi=(131)
cfn=(510)
calls=18 168 
* 480 43 11
* 633 121 17
cfi=(132)
cfn=(512)
calls=1 37 
* 77 10 3 1 1
* 51 3
+1 50 5 0 5 2
cfi=(105)
cfn=(520)
calls=3 1287 
* 457 92 31 2 2
cfi=(104)
cfn=(504)
calls=2 425 
* 106 16 5
* 50 10 5
1396 8
+1 2
-1 2
+1 28 2
1588 30 0 0 10 6
+43 330 84 18
+1 47 15 3
cfi=(91)
cfn=(508) strnlen
calls=2 52 
* 86 8 2
* 114 97 17
1489 12
cfi=(130)
cfn=(506) read_int
calls=3 73 
* 36 3 3
+2 3
-2 3
+2 9 3
+8 9 3 3
+18 12 3
+3 36 3
+3 15
+1 15 5
+26 5
+14 5
-14 10 5 3
+38 70 5
-36 20
cfi=(130)
cfn=(506)
calls=5 73 
* 60 5 3
* 5
+4 20 5
+9 25 10 3
+67 45 5

fl=(116) /build/glibc-S7Ft5T/glibc-2.23/libio/ftello.c
fn=(456) ftello
35 1
+3 1
-3 1
+3 2 1 1
+1 5
cfi=(114) /build/glibc-S7Ft5T/glibc-2.23/libio/ioseekoff.c
cfn=(446) _IO_seekoff_unlocked
calls=1 +1 
* 47 8 4 1
* 1
+1 3 1 1
+22 2
fi=(117) /build/glibc-S7Ft5T/glibc-2.23/libio/../libio/libioP.h
866 2 1
fe=(116)
46 3 1 1

fl=(119) /build/glibc-S7Ft5T/glibc-2.23/libio/iofclose.c
fn=(462) fclose@@GLIBC_2.2.5
39 3
+14 1
-14 1
+14 2 1 1
+9 4 0 0 1 1
cfi=(105)
cfn=(474) _IO_file_finish@@GLIBC_2.2.5
calls=1 200 
* 27 5 4
+1 3 1 1
+18 6 3
+3 2
cob=(2)
cfi=(16)
cfn=(352)
calls=1 -84 
* 150 35 14 1
+4 5
-34 1
cfi=(104)
cfn=(464) _IO_un_link
calls=1 +6 
* 61 13 8
+2 5 1 1
+1 2 1
+1 2
cfi=(105)
cfn=(466) _IO_file_close_it@@GLIBC_2.2.5
calls=1 160 
* 226 40 19 2 1
* 3
fi=(120) /build/glibc-S7Ft5T/glibc-2.23/libio/libioP.h
866 2 1
+1 3 1 1
fe=(119)
78 2 1 1

fl=(52) /build/glibc-S7Ft5T/glibc-2.23/time/../sysdeps/unix/sysv/linux/x86/gettimeofday.c
fn=(192) gettimeofday
37 1
-1 1
+1 6
fi=(48)
+11 3
+14 4
-17 3 1 1
+3 9
+14 12
-17 9 3 2
fe=(52)
-8 3 1
+3 2
-3 1
+3 1
cfi=(49)
cfn=(182)
calls=1 -13 
* 6 1 1
+1 3
+1 2

fl=(82) /build/glibc-S7Ft5T/glibc-2.23/stdlib/cxa_atexit.c
fn=(306) __cxa_atexit
57 5
-22 1
+22 1
-22 1
cfn=(308) __new_exitfn
calls=1 +38 
* 38 7 5
+2 2 1
+4 1
+3 1
+1 1
-4 2
+2 1
+4 1
+1 1
+11 4

fn=(308)
73 2
+6 1
-6 1
+6 1
-6 1
+6 4 2 2
+2 6 1
+2 3 1 1
-2 1
+10 2
-10 2 1 1
+45 1
+1 1
+3 4 2 1
+3 5
-21 1
+1 2

fl=(130)
fn=(506)
73 8
+12 8
-12 16
+2 56 8 6
+18 8

fl=(90)
fn=(348)
34 24
+1 3
cfi=(91)
cfn=(350)
calls=3 +31 
* 48 6
* 3
+4 21 6
+3 6 3 3
+49 27
-24 3
+6 3
+2 3
-3 3
+3 810 204 6
+9 402 201 11

fl=(51) /build/glibc-S7Ft5T/glibc-2.23/string/../sysdeps/x86_64/multiarch/strspn.S
fn=(190) strspn
30 1
+1 1
+1 1
+1 1 1
+1 1
+1 1

fl=(108) /build/glibc-S7Ft5T/glibc-2.23/io/../sysdeps/unix/sysv/linux/wordsize-64/fxstat.c
fn=(416) _fxstat
34 3
-1 3
+1 3 3
+1 18 3
+4 3

fl=(121) /build/glibc-S7Ft5T/glibc-2.23/string/../sysdeps/x86_64/multiarch/../strcmp.S
fn=(482) __GI_strcmp
144 4
+1 4
+2 4
+1 4
+21 4
+1 4 4
+1 4
+1 4 4
+1 4
+1 4
+1 4
+1 4
+21 4
+1 4
+1 4
+1 4
+1 4
+1 4
+1 4 4 2
2211 4
+6 4
+1 4
+8 4
+1 4

fl=(72)
fn=(262)
24 1
+1 1
+1 1
+1 1
+1 1
+1 1
+1 1
+1 1 1
+1 1
+1 1
+1 1
+1 1
+1 1
+1 1
+1 1
+1 1
+1 1 1
+1 1
+1 1
+1 1
+1 1 1
+1 1
+1 1
+1 1

fl=(81) /build/glibc-S7Ft5T/glibc-2.23/csu/../csu/libc-start.c
fn=(304) (below main)
134 7
+4 1
-4 3
+4 3 1
+82 1
-82 1
+82 1 1 1
+1 4
cfi=(82)
cfn=(306)
calls=1 57 
* 60 8 5
+22 4 1
+3 2 1
+1 5 0 0 1 1
cob=(6) /home/alex/Documente/foaie/parcurs/SCRATCH/date_ex
cfi=(78) ???
cfn=(310) __libc_csu_init
calls=1 0 
* 61 5 3 2 2
+4 4 1
+15 2 1
+12 2
cfi=(84) /build/glibc-S7Ft5T/glibc-2.23/setjmp/../sysdeps/x86_64/bsd-_setjmp.S
cfn=(324) _setjmp
calls=1 30 
* 30 1 1
+1 2 1
+5 2
+1 2
+3 2
+3 6 0 0 1 1
cob=(6)
cfi=(78)
cfn=(330) main
calls=1 0 
* 96368 19691 3130 257 81
+34 2
cfi=(139) /build/glibc-S7Ft5T/glibc-2.23/stdlib/exit.c
cfn=(554) exit
calls=1 104 
* 1151 218 84 14 14
138 2

fl=(129)
fn=(502)
24 42
+1 42
+1 42
+1 42
+1 42
+1 42
+1 42
+1 42 42
+1 42
+1 42
+1 42
+1 42
+1 42
+1 42
+1 42
+1 42
+1 42 42 2
+1 40
+2 40
+7 40
+4 2
+1 2
+1 2
+1 2
+1 2
+1 2
+1 2
+1 2
+1 2
+1 2
+1 2
+1 2
+1 2
+1 2
+1 2
+1 2
+1 2
+1 2
+1 2
+1 2
+1 2
+1 2
+1 2
+1 2 2 2
+52 2
+2 2
+7 2

fl=(139)
fn=(554)
104 1
-1 1
+1 2
cfn=(556) __run_exit_handlers
calls=1 -69 
* 1147 218 84 14 14

fn=(556)
35 8
+5 1
cfi=(140) /build/glibc-S7Ft5T/glibc-2.23/stdlib/cxa_thread_atexit_impl.c
cfn=(558) __call_tls_dtors
calls=1 145 
* 11 1 1
* 1
+6 8 1
+4 6 2 1
+3 1
-1 1
+2 5 2 1
+33 1
+1 1
-1 1
+1 1 1
+6 2 1
+1 5 1 0 1 1
cfi=(104)
cfn=(614) _IO_cleanup
calls=1 948 
* 248 50 26 2 2
* 3 1
+2 2
cfi=(144) /build/glibc-S7Ft5T/glibc-2.23/posix/../sysdeps/unix/sysv/linux/_exit.c
cfn=(624) _Exit
calls=1 -70 
* 5
-19 1
+4 1
-4 1
+2 1
+2 1
-2 2
+2 1 0 0 1 1
cob=(1)
cfi=(141) /build/glibc-S7Ft5T/glibc-2.23/elf/dl-fini.c
cfn=(560) _dl_fini
calls=1 +48 
* 827 158 55 10 10
+1 1

fl=(88) /build/glibc-S7Ft5T/glibc-2.23/time/localtime.c
fn=(552) localtime_r
29 2
+1 4
cfi=(89)
cfn=(346)
calls=2 610 
* 1476 224 24

fn=(344) localtime
39 6
cfi=(89)
cfn=(346)
calls=2 610 
* 70528 15706 2583 52 21

fl=(99) /build/glibc-S7Ft5T/glibc-2.23/misc/sbrk.c
fn=(386) sbrk
34 2
+8 2
-8 6
+8 9 3 1
+4 4 2 1
+4 6 2 1
+12 5
-19 2
cfi=(100) /build/glibc-S7Ft5T/glibc-2.23/misc/../sysdeps/unix/sysv/linux/x86_64/brk.c
cfn=(388) brk
calls=1 -12 
* 12 2
* 4 1
+15 2
cfi=(100)
cfn=(388)
calls=1 -27 
* 12 2
* 2 1
+4 5

fl=(104)
fn=(430)
380 15
+1 22 6 5
+3 5
+2 20
-3 5
+3 10
+3 18
-7 1
cob=(2)
cfi=(16)
cfn=(352)
calls=1 0 
* 133 30 12 1
* 5

fn=(476) _IO_default_finish
639 4
+2 3 1 1
+6 3 1 1
+3 3 1 1
60 2 1
662 4

fn=(504)
425 52 26 5
-3 220
+8 164 41 3
+2 63
+3 42 21
+10 63 21 1
+5 63
-1 42 21 4
+1 42
-1 28 14 7
+2 63
+2 21
+2 177 41 7 19 1
cfi=(105)
cfn=(522) _IO_file_overflow@@GLIBC_2.2.5
calls=19 808 
* 627 152 1
* 38 19
+2 19
-2 38
+4 22
+1 22
-1 22
+1 118

fn=(420) _IO_sgetn
467 39 0 0 13 1
cfi=(105)
cfn=(422) _IO_file_xsgetn
calls=13 1360 
* 1463 383 99 7 4

fn=(614)
948 2
+3 1
-3 2
-50 1
+50 1
+3 1
cfn=(616) _IO_flush_all_lockp
calls=1 760 
* 90 22 15
-63 1
+63 1
-63 2 1 1
+10 3
+8 5 2
+2 2
+2 1
+1 1
-1 1
+2 2
+3 5 0 0 1 1
cfi=(105)
cfn=(618) _IO_file_setbuf@@GLIBC_2.2.5
calls=1 450 
* 66 7 3 1 1
+2 3 1 1
+4 2 1
+7 3
-40 9 3 1
+2 6 3 1
+2 7 2 1
+6 12 4 2
+65 7
-42 3 1
+1 8 3 1

fn=(620) _IO_default_setbuf
522 4
+1 1
-1 2
+1 1 0 0 1 1
cfi=(105)
cfn=(622) _IO_file_sync@@GLIBC_2.2.5
calls=1 868 
* 13 2 1
* 2 1
+9 1
-7 1
+7 1
-7 1 1 1
388 1
-5 1
+1 1
+4 1
535 1
+2 1
-2 2
+1 3
+2 4
381 1
527 1
+1 1
-1 1
+1 1
381 4 2 1

fn=(404) _IO_link_in
98 6 2 1
-1 2
+3 2
-3 1
+5 1
-2 1
+2 5 1
+1 10 3 2
+2 1
-2 1
+1 1
+1 1
-2 1
+2 1
-2 1
+2 13 4 1
+2 1
-2 1
+4 1
+2 1
-3 1
-1 1
+4 7 2 1
+2 1
-1 1
+1 8 3 2
+1 2 1
+3 5
-6 7 2 2

fn=(450) _IO_unsave_markers
1049 2
-2 2
+2 2 2 2
+19 6 2 2
+2 2

fn=(464)
60 4 2 1
-1 4
+5 6 1
+1 10 3 2
+2 1
-2 1
+1 1
+1 1
-2 1
+2 1
-2 1
+2 1 1 1
+4 2 1 1
+13 1
+2 1
-2 1
+2 1 1 1
+2 1
-1 1
+1 8 3 2
+1 2 1
+3 5
-6 2
-17 3 1 1
+4 1
+1 1
-1 2

fn=(400) _IO_old_init
586 3
-16 3
+1 3
+15 3
+5 3
-21 3
+2 3
+1 3
+1 3
+17 3
-16 3
+1 3
+1 3
+1 3
+1 3
+1 3
+2 3
+1 3
+1 3
+1 3
+6 3 3 2
+1 6

fn=(424) _IO_doallocbuf
395 4 2 2
-1 6
+3 8 2 2
+1 6 0 0 2 1
cfi=(110)
cfn=(426)
calls=2 95 
* 754 135 50 4 1
* 4 2
+3 8

fn=(616)
760 8
+6 3 1 1
+11 2
+16 2
-17 2
-1 2
+1 3 2 2
-1 1
+1 1 1 1
+3 9 3 3
+10 6 3 3
+4 3
-2 3
+2 6 3
+7 3
-27 6 3 2
+31 2 1 1
+2 2 1 1
+4 9
-38 1
-6 1
+5 1
+2 2 1 1
+6 12 3

fn=(398)
599 27
+1 3
cfn=(400)
calls=3 -14 
* 69 3 2
+3 3
-2 3
+2 3 3 2
+2 1
+1 1
+1 1
+1 1
+1 1
+1 1
+1 1
+1 1
+1 1
+1 1
+1 1
+1 1
+2 1
+7 1
+1 6
-1 2
+1 12
-3 4

fn=(436) _IO_switch_to_get_mode
176 4
-1 4
+1 2 2
+3 6 2
+5 2
-1 4
+1 2 2 2
+7 2
-4 2
+2 4
+2 2
+1 2
+1 4

fn=(432) __underflow
316 2
+2 7 2 1
+6 12 2
+3 4 2 1
+2 4 2
+6 4 2 2
+7 4
+1 2
-1 4 0 0 2 1
cfi=(105)
cfn=(434) _IO_file_underflow@@GLIBC_2.2.5
calls=2 539 
* 138 22 7 2 1
-24 2 1 1
+22 6 2 2

fl=(94) /build/glibc-S7Ft5T/glibc-2.23/malloc/hooks.c
fn=(362) malloc_hook_ini
29 4
fi=(95) /build/glibc-S7Ft5T/glibc-2.23/malloc/arena.c
260 1
fe=(94)
30 1
fi=(95)
260 1
fe=(94)
30 1
fi=(95)
260 1 1 1
fi=(92)
2918 7 2 1
+2 3
cfn=(378) _int_malloc
calls=1 3326 
* 1039 186 28 2 2
+3 1
-3 1
+3 1 1
+8 4 2 2
+2 11 4 1
fe=(94)
33 4
fi=(92)
2918 6 2 2
+12 1
cfi=(95)
cfn=(366) ptmalloc_init.part.5
calls=1 258 
* 58277 13237 2038 9 7
* 1
-15 2 1 1
fe=(94)

fl=(140)
fn=(558)
145 3
+1 4 1 1
+18 4

fl=(100)
fn=(388)
31 16 2
+8 2
-6 4 2
+7 2

fl=(122)
fn=(484)
30 20
+4 36
+1 8
+2 8 4 2
+10 32
+1 8
+1 32
+1 8
-1 4
+1 4
+2 4
-2 4
+2 4
-2 4
+2 32
+1 12 4
+1 4
+1 4
+5 4
+3 4
-3 4
+3 60
+3 324
+3 4
-3 12
-6 64 24 6
+11 4
+1 4
-1 4
+1 12 4 2
-30 12 4
+37 8
-1 4
+1 24 4 2
+1 140 34 14
+4 4
-1 4
+2 4
-1 4
+2 4
-2 4
+2 16

fl=(132)
fn=(512)
37 6
+8 3
-8 12
+7 6 3 1
+2 2
+1 2
-1 2 2 2
+8 15 3
+8 6 3
+2 15 0 0 3 1
cfi=(104)
cfn=(504)
calls=3 425 
* 134 19 2
+4 3
-3 3
+3 18

fl=(113) /build/glibc-S7Ft5T/glibc-2.23/libio/fseek.c
fn=(444) fseek
32 1
+3 1
-3 2
+3 2 1 1
+1 4
cfi=(114)
cfn=(446)
calls=1 +4 
* 91 15 8 2 2
* 4
fi=(120)
866 2 1
fe=(113)
39 3

fl=(135) /build/glibc-S7Ft5T/glibc-2.23/io/../sysdeps/unix/syscall-template.S
fn=(530) write
84 12 6
cfn=(532) __write_nocancel
calls=6 * 
* 30 6

fn=(532)
84 30 6

fl=(53) /build/glibc-S7Ft5T/glibc-2.23/string/../sysdeps/x86_64/multiarch/memmove.c
fn=(196) memcpy@GLIBC_2.2.5
54 11 2 1

fl=(107) /build/glibc-S7Ft5T/glibc-2.23/libio/fileno.c
fn=(414) fileno
35 5 2
+7 1

fl=(105)
fn=(622)
868 1
+5 1
-5 1
+5 3 1 1
+2 1
+1 2 1
+17 2
+4 2

fn=(428)
1229 2
+1 6
cfi=(108)
cfn=(416)
calls=2 34 
* 20 4

fn=(524) _IO_do_write@@GLIBC_2.2.5
494 21 7 3
+1 1
-3 48
+11 12 6
+7 24 6 2
+8 30 0 0 6 1
cfn=(528) _IO_file_write@@GLIBC_2.2.5
calls=6 1258 
* 264 42 4
* 6
+1 30 12
+6 6
-4 6
+4 6
-4 18
+1 12
+3 6 6 2
-2 6
-29 24
+1 36
+29 12 6 1

fn=(422)
1360 91
+7 13
-7 13
+7 13 13 4
+11 52 13
+2 39
+1 26 13 6
-1 6
+1 4 2 2
+8 4 2
+13 4 2
+9 6 2
+1 8 2 2
-34 4 2 2
+6 13
+68 13
+1 13
-1 13
+1 65
-70 39
cfi=(101)
cfn=(390)
calls=13 61 
* 527 255 46
+1 26
+30 4
cfi=(104)
cfn=(432)
calls=2 316 
* 189 35 14 4 2
* 4 2 2
-44 3 1 1
+5 2
cfi=(104)
cfn=(424)
calls=1 395 
* 268 39 20 3 2
* 1

fn=(466)
160 3 1
-2 2
+9 1
-9 1
+5 5 1
+6 1
+3 1
-3 1
cfi=(104)
cfn=(450)
calls=1 1049 
* 7 2 2
+3 2 1 1
+4 3 1 1
+9 5
cfi=(104)
cfn=(430)
calls=1 380 
* 162 32 13 1
+1 2
+3 1
-3 1
+1 3
+2 1
cfi=(104)
cfn=(464)
calls=1 60 
* 3 1 1
+5 2
-4 1
+1 1
+1 1
+2 1
+1 4
-23 3 0 0 1 1
cfn=(468) _IO_file_close
calls=1 1250 
* 6 1 1
* 2

fn=(452) _IO_file_seek
1223 2
cfi=(115)
cfn=(454)
calls=1 84 
* 5 1

fn=(468)
1250 5 1 1
+1 1

fn=(520)
1287 46
-1 92 46 1
-6 450
+13 180 45 10
+17 4 1 1
+4 44
+5 176
cfi=(134) /build/glibc-S7Ft5T/glibc-2.23/string/../sysdeps/x86_64/memcpy.S
cfn=(526) __GI_mempcpy
calls=44 61 
* 878 266 40
* 44
+6 44
-1 44
+1 88
+2 88 44 4
+27 90
+1 361
-24 5 0 0 1 1
cfn=(522)
calls=1 808 
* 576 111 37 3
* 2 1
+6 14
+1 21 7 3
+2 21 7
+11 14 7 2
+1 4
cfi=(104)
cfn=(504)
calls=1 425 
* 957 212 5 19 1
* 2
-57 132
+1 88 44
+3 132 44
+2 387 127 14
-2 318 121 26
+39 28
-35 6
+11 30 6 3
+17 24 0 0 6 1
cfn=(522)
calls=6 808 
* 696 108 14 6 1
* 12 6 2

fn=(408) _IO_file_open
214 6
+3 2 1
+1 6 1
+7 2 1
+3 2
+3 1
-3 1
-1 1
+1 2
+3 1
-3 1
+3 1 1
+10 2
cfi=(104)
cfn=(404)
calls=1 98 
* 4 1 1
+1 1
+1 4

fn=(438) _IO_file_read
1216 4 2
-1 10 2 2
+2 2

fn=(522)
808 78 26
+7 26
-8 130
+8 126 51 2
+35 52 26 3
+3 38 19
+3 57
+1 57 19
+1 76 38
+4 19
+1 76
-45 2 1 1
+12 2 1
+9 4 1
+8 1
-4 1
+3 2
-2 2
-3 1
+1 2
+5 1
-1 1
+1 3 2
+1 2
+3 14
+12 21
-12 7
cfn=(524)
calls=7 494 
* 568 85 12 6 1
-31 2
cfi=(104)
cfn=(424)
calls=1 395 
* 522 102 34 3
+1 6

fn=(618)
450 2
+1 1
cfi=(104)
cfn=(620)
calls=1 +71 
* 51 6 3 1 1
* 2 1
+4 2
-1 2
+2 3
+2 1
+1 2

fn=(406)
249 7
+11 2 1
+2 3 1 1
+25 20 8 3
+41 6
cfn=(408)
calls=1 214 
* 37 5 1
+3 1
-3 1
+3 1 1
+17 3
cfi=(106) /build/glibc-S7Ft5T/glibc-2.23/string/../string/strstr.c
cfn=(410) __GI_strstr
calls=1 53 
* 47 6 2
+1 1
-1 1
+1 1 1 1
-62 6 3
+30 1
+2 2
-53 1
-1 1
-15 2
425 1
-76 1
+76 7
313 3

fn=(528)
1258 6
-2 36
+2 24 6
+4 12
+1 12 6 2
+10 18 6 2
+3 36
-13 24
cfi=(135)
cfn=(530)
calls=6 84 
* 42 12
+1 12 6
+5 6
+1 6
-12 30 6

fn=(402)
144 2
+4 1
-4 2
+5 1
-1 1
+3 1
cfi=(104)
cfn=(404)
calls=1 -53 
* 81 17 8
+1 1
+1 4

fn=(448) _IO_file_seekoff@@GLIBC_2.2.5
986 14
+8 4 2 1
+6 8 1
+3 2 1 1
+25 2 1 1
+89 2
cfi=(104)
cfn=(450)
calls=1 -68 
* 7 2 2
+1 6 0 0 1 1
cfn=(452)
calls=1 1223 
* 7 1
+1 2 1
+4 1
-2 1
+3 1
-2 1
+1 3
+1 3
+13 16
1003 2 1 1
+12 2 1 1
+17 2
+2 1
-2 1
+2 2 1
932 2 1
+2 2
+2 2
+5 3 1 1
+10 2 1
+1 2
+13 2 1
+10 2 1 1

fn=(474)
200 1
+1 1
-1 1
+1 1 1 1
+6 2
+1 1
-1 1
cfi=(104)
cfn=(476)
calls=1 639 
* 19 4 3

fn=(434)
539 6 2
+6 6 2
-14 8
+17 4 2
+13 4 2 2
+20 4
cfi=(104)
cfn=(436)
calls=2 176 
* 40 6 2
+6 2
+5 8
-5 4
+1 2
+2 2
-1 4
+3 2 0 0 2 1
cfn=(438)
calls=2 1216 
* 16 4 2
+2 4 2
+16 2
-9 2
+9 4 2 1
+1 2
+1 2
+1 4
-1 2
+1 4

fl=(111)
fn=(440)
24 41
+1 41 41
+1 41
+1 41 41 1
+1 41
+1 41
+1 41
+1 41 41
+3 41
+1 41 41 4
+1 32
+1 32
+1 32
+1 32 32
+1 32
+1 32
+1 32 32 23
+2 24
+1 24 24 2
+1 15
+1 15
+1 15
+1 15 15 2
+5 9
+1 9 9
+1 9
+1 9
+1 9
+1 9 9 2
+35 17
+4 24
+1 24 24 9
+1 8
+1 8
+1 8
+1 8
+1 8
+1 8
+1 8
+1 8
+1 8
+1 8
+1 8
+4 16
+1 16

fl=(134)
fn=(526)
61 44
+4 44 44
+3 44
+1 44 44 6
+2 37
+1 37
+2 37
+1 37
+5 37
+1 37 37 4
-1 7
+1 7 7 2
+2 13
+1 13
+2 13
+1 13
+5 13
+1 13 13 4
-1 31
+1 31 31 2
+2 6
+1 6
+2 6
+1 6
+5 6
+1 6 6 2
-1 38
+1 38 38 7
+2 4
+1 4
+2 4
+1 8
+5 4
+1 4 4 3
-1 40
+1 42 40 10
+5 2
+1 2
+1 2
+1 2
+2 2
+2 2
+1 2
+2 2 2
+6 44
+4 44

fl=(74) /build/glibc-S7Ft5T/glibc-2.23/string/../sysdeps/x86_64/cacheinfo.c
fn=(268) handle_intel
262 4 2
-1 4
+17 2
-17 12
+14 2
+1 4
-3 6
+23 8
cfn=(270) intel_check_word
calls=2 133 
* 666 198 38
+1 4 2
+3 10
cfn=(270)
calls=2 133 
* 238 38 22
+1 4 2 2
-17 4
+5 2
-5 6
+5 2 2
+2 2
+1 2
-1 4
+27 16

fn=(270)
133 8 4
+6 4
-7 20
+7 16
-7 4
+7 4
+2 4
-2 4
+2 4 4
+68 8
+3 24
-69 4
+2 8 4
-2 6
+2 12 6
+8 20 10 4
+51 16 8 6
+22 8
fi=(75) /build/glibc-S7Ft5T/glibc-2.23/string/../bits/stdlib-bsearch.h
27 8
+1 16
+3 16
+1 8
fe=(74)
+89 16 8
fi=(75)
-90 12
+1 6
fe=(74)
+89 12 6
+3 54 54 8
fi=(75)
-95 44
+2 44
-2 44 44 4
+2 80
+1 40
fe=(74)
+89 80 40 10
251 8
141 16 8 4
-6 2
256 24
fi=(75)
37 10
-8 24 10 4
fe=(74)
165 6
+3 6 2
+4 4
+2 4
+1 14 3 2
+2 7 1 1
-12 2
+12 2
+1 10 5 3
+1 10 5 4
+1 6 3 3
+17 3
-32 9
+3 9 3
+4 6
+2 6
+1 12 3 2
+2 12 3 3
+5 2
+2 4 2 2
+2 32

fn=(266) init_cacheinfo
482 2
+12 1
-12 3
+12 3 1
+2 4
cfn=(268)
calls=1 262 
* 455 111 31
+4 2
-4 1
+4 1
cfn=(268)
calls=1 262 
* 547 133 31
+2 1
-2 1
-1 1
+3 1 1
+9 2 1
+2 1
+1 1
+2 1
+5 2
+9 4
-9 4
+9 16 4 1
-9 12
+6 8 4 4
+69 4 2
+1 5
+55 2 1
+2 1
+1 1
+2 1
-3 1
+5 1
-5 1
+4 3
+4 2 1
+2 1
+1 1
+2 1
-3 1
+5 1
-5 1
+4 2
+3 1
-3 1
+3 5
532 1
+32 1
-26 6 2
+7 5
+2 1
+1 1
+1 2 1
-4 4
+2 1
+1 1
+1 6 3 1
+2 2
-6 2
+6 2 2 1
+5 1
+2 2
+1 1
-1 1
+1 3
+6 1
-1 1
+1 5 1 1

fl=(109) /build/glibc-S7Ft5T/glibc-2.23/libio/iofread_u.c
fn=(418) fread_unlocked
34 26
+5 13
-5 13
+1 26
+3 26 13 8
+4 78
-2 52
cfi=(104)
cfn=(420)
calls=13 467 
* 1502 383 99 20 5
+1 52 13 7

fl=(138) /build/glibc-S7Ft5T/glibc-2.23/time/mktime.c
fn=(546) mktime
583 2
+5 1
cfi=(89)
cfn=(548)
calls=1 -2 
* 844 209 25 3 1
+3 3
+1 1
-1 1
cfn=(550) __mktime_internal
calls=1 353 
* 1826 238 31 2 1

fn=(550)
353 9
+16 1
+2 1
-18 1
+24 1
-12 1
+3 1
-15 1
+18 1
+6 1
-11 1
+11 2
-12 1
+12 1
-10 1
+10 8
+4 1
-3 2
+3 5
152 4 1 1
391 7
+3 1
-3 1
+3 5
+2 3
+8 3 1
+2 2
+1 1
-1 1 1 1
207 2
+2 1
476 4
207 7
+2 12
+2 1
-2 2
+2 3
+9 3
+1 3
+1 26
476 4
+5 2 1 1
+15 2 1
-16 9
310 3 0 0 1
cfi=(88)
cfn=(552)
calls=1 29 
* 741 112 11
* 3 0 0 1 1
cfi=(88)
cfn=(552)
calls=1 29 
* 741 112 13
+2 2
-2 4
+2 2 2
-26 2
-78 2
+2 2
-2 12
+2 22
+12 2
-12 4
+12 68
+24 2
+43 10 2
+1 2
476 4 2 1
185 1
501 1
185 7 1 1
551 5
+2 4 1 1
+16 15
+1 1
-89 2 1 1
+90 9
405 1
+1 3

fl=(49)
fn=(182)
27 10
+4 10 5 5
-3 10

fl=(123) /build/glibc-S7Ft5T/glibc-2.23/io/../sysdeps/unix/sysv/linux/wordsize-64/xstat.c
fn=(486) _xstat
34 2
-1 2
+1 2 2
+1 12 2
+4 2

fl=(93)
fn=(356)
40 12
+1 3
cfi=(91)
cfn=(350)
calls=3 +25 
* 48 6
* 3
+1 6
cob=(2)
cfi=(16)
cfn=(358)
calls=3 -42 
* 59592 13481 2089 15 12
+2 6 3
+4 3
-1 6
+1 6
-1 6
cfi=(101)
cfn=(390)
calls=3 +14 
* 93 18 7

fl=(124) /build/glibc-S7Ft5T/glibc-2.23/time/asctime.c
fn=(492) asctime
36 2 1
+50 1
-37 3 1
+10 1
-3 12 1
+1 1
-1 12 1 1
cfi=(125) /build/glibc-S7Ft5T/glibc-2.23/stdio-common/snprintf.c
cfn=(494) snprintf
calls=1 -28 
* 2989 393 106 29 11
+7 3 1
+2 2 1
+3 1
+20 2
-32 3

fl=(84)
fn=(324)
30 1
+2 1
cfi=(85) /build/glibc-S7Ft5T/glibc-2.23/setjmp/../sysdeps/x86_64/setjmp.S
cfn=(326) __sigsetjmp
calls=1 -6 
* 28 1 1

fl=(92)
fn=(354)
2941 45
+5 18
+1 18 9 1
+6 18 9 5
+5 4
-2 4
+2 8 4
+16 12 4 4
+1 8
cfn=(470) _int_free
calls=4 3848 
* 377 87 34
+1 54

fn=(470)
3848 36
+13 4
-13 4
+13 8
+6 16 4
+1 8 4
+11 16 8
+13 8 4 3
+11 8 2
+1 6 2
1893 2
3928 2
1893 4 2
3930 6 2 2
+1 4
+4 2
-4 2
+1 2
+9 14 2
+9 8 2 2
+2 2
+2 12 4 4
4112 32
3967 4 2
+1 6 2 2
+15 4 2 2
+8 6 2
+6 4
+1 4 2
+1 4 2
1893 6 2
4008 4 2 2
+7 4 2
+5 4 2 1
+1 15 4 1
+1 1
+11 1
-1 1
+2 2 1
-1 1
-1 1
+2 2 1
+7 2
-2 2
+1 2
+1 2 2
+2 2
+1 2
+2 2
+1 2
+2 6
+1 2
+30 4 2 2
3969 10 4 3
+8 2
-4 2
+4 6 2
-7 4
4100 6 2
+1 6 2 1
+1 10 4 4
3956 8 4 2
+68 2
-3 3 1 1
-38 10 2 2

fn=(382) sysmalloc
2275 8
+20 1
+11 1
-11 1
+11 1 1
+1 5 1
fi=(95)
488 3
fe=(92)
2322 5
+65 1
+1 3
+10 1
-9 1
+9 5 2
+6 4 1
+3 3 1 1
2730 2 1
+1 1
+8 4 1
+5 1
-3 1
+3 1
-2 1
+2 3
+1 1
-1 1
-1 1
+4 1
-3 2
+1 1
+8 9
2470 1
-8 4
+8 1 1 1
+21 5 0 0 1 1
cfi=(98) /build/glibc-S7Ft5T/glibc-2.23/malloc/morecore.c
cfn=(384) __default_morecore
calls=1 46 
* 62 10 2
* 1
+1 1
+3 4 1 1
+3 2
+1 2 1
+20 2
+26 2 1 1
+2 2
+6 1
-6 1
+6 1 1 1
2328 1
2471 1
+10 5
+8 1
-8 1
+8 1 1 1
+67 7 3
+37 2 1 1
+6 3 1 1
+19 1
+3 2
+1 5
+2 1
-2 1
+2 1 1
+1 3 0 0 1 1
cfi=(98)
cfn=(384)
calls=1 46 
* 25 3 1
+12 2 1
+8 1
+1 1
-1 2
+1 2 1
+39 1
+1 1
-2 1
+1 3
+12 1
-12 1
+1 1
+11 1 1 1
2546 5

fn=(378)
3326 55
+30 11
-30 22
+30 99 33
+4 44 11
+14 22 11 5
+2 18
+2 6
-1 6
-1 6
+1 6
+5 12 6 4
+3 10 2 2
+1 2
-1 2
+1 4 2 2
+25 18 9 2
+2 18
+1 18
+2 6
-2 6
+2 12 6 3
+2 2 1
+37 18 4 2
+1 6 3 2
+1 4
cfn=(380) malloc_consolidate
calls=2 4151 
* 764 161 19
3826 126
-2 9
+2 9
-2 9
+2 18
5016 9
3824 9
+2 9
5018 9
3826 9
5018 9
3826 27
5018 18
3826 36
5016 18
3476 18
+67 2
+51 10
+7 2
-6 2
+1 2
+1 2
+1 2
+3 2 2
3476 33 11 6
+3 5
-1 5
+1 10 5
+1 10 5 1
+3 5
+10 18 9 3
+34 2
-5 2
+1 2
+4 2 2
+13 4 2
+8 8 2 1
+1 8
+1 2
+3 4 2 2
3389 10 2
1886 4
3777 4
1886 8 4
3840 99
3548 14 2
-54 8 4 2
+1 12 3
+5 3
-1 3
+5 3
-3 6
+1 3
+1 6
+1 3 3
+2 3
+1 3
+3 24
+2 9
+1 3
+3 3
1886 9 3 2
3591 8
+19 12 6 3
+73 12
+1 12
+1 12
+1 12
+1 12
+5 12 6 6
+16 7
+2 14 7
-4 18 9 7
+8 2
+3 4 2 2
-21 18 6 1
+3 20 5 1
-3 12 4 1
+3 12 3
-3 6 3 2
+3 6 2 1
3799 4
+3 4
-2 8
+2 8 4 3
+17 2 1 1
3612 9
+3 3
-3 3
+3 9 3 3
3455 6
1886 4 1 1
3455 1
3699 3
+2 2
+1 2
-1 2
+1 2
-3 3
+27 4
+3 4 2
+5 2
-3 4
+3 34 10 1
+3 4 2
+15 2
+1 4 2
-6 2
+17 2
-6 2
+1 2
+1 2
+1 2
+3 2 2 1
+1 1
+1 4 2
+2 2
+1 2
+2 16
+2 6
+1 4
+60 3
cfn=(382)
calls=1 2275 
* 249 36 12 2 2
+1 2 1 1
-28 3
-3 3
+1 3
+2 3
-1 3
+1 6
+2 3
-2 12
+2 3
+3 3
1886 9 3 3
3734 24 6

fn=(360)
2909 33
+5 22
+1 22 11 1
+3 80 20 9
+2 30
cfn=(378)
calls=10 3326 
* 1606 252 80
+3 10
-3 10
+3 10 10 2
+8 40 20 17
+2 110 40 6
+3 40
-18 60 20 18
-2 1
+20 3
-20 1 0 0 1 1
cfi=(94)
cfn=(362)
calls=1 29 
* 59367 13436 2074 11 9

fn=(380)
4151 4 2 1
-22 8
+23 3 1 1
+12 1
5016 1
4154 1
+11 1
-1 1
5018 1
-2 1
+2 5
4167 2 1
+1 2 1 1
-1 18 9
+1 18 9 2
+50 40 10 5
+6 8
5010 4
1815 3
-3 2 1 1
+3 378
-3 252 126 7
+7 3 1 1
+5 1
+2 1
-2 2
-1 3

fl=(76) /build/glibc-S7Ft5T/glibc-2.23/elf/dl-altinit.c
fn=(274) dlinit_alt
33 3 1 1
+1 1

fl=(95)
fn=(366)
258 6
+13 1
-8 1
+8 1 1 1
+6 3
+2 5 1
+16 2
-56 67
-18 204 68 1
+2 134 67 6
+1 4 2
+1 4 2 2
340 2 1 1
+6 2
+1 2 1 1
+2 1
+1 7
-78 5
cfi=(96)
cfn=(368)
calls=1 126 
* 57820 13092 2026 9 7
* 2 1
+1 4 1

fl=(101)
fn=(390)
61 20
+2 20
+2 20 20 3
+3 20
+1 20 20 6
+2 8
+1 8
+2 8
+1 8
+5 8
+1 8 8 1
-1 12
+1 12 12 6
+2 7
+1 7
+2 7
+1 14
+5 7
+1 7 7 4
-1 13
+1 13 13 1
+2 16
+1 16
+2 16
+1 16
+5 16
+1 16 16 8
-1 4
+1 4 4 1
+2 6
+1 6
+2 6
+1 6
+5 6
+1 6 6 5
-1 14
+1 16 14 4
+5 2
+1 2
+1 2
+1 2
+2 2
+2 2
+1 2
+2 2 2
+8 20
+8 3
+6 3
+2 3
+1 3 3 2
+3 1
+1 3
+5 1
+1 1
+2 1
+2 1
+1 1
+2 1 1 1
-8 3
+1 3
+2 3
+2 3
+1 3
+2 5 3 2
+9 1
+1 1 1 1
-1 2
+1 2 2 1
+3 2
+1 2
+1 2 2
+5 2
+2 2
+1 2
+1 2
+1 2
+2 2
+1 2
+1 2
+1 2
+2 2
+1 2
+2 2 2 2
+22 2
+6 2
+1 2 2 2
+19 1
+1 1
+1 1
+5 1
+1 1
+4 1
+1 1 1
+2 156 156 10
+1 1
+6 1
+1 1
+1 1 1
+3 1
+6 1
+1 1 1 1

fl=(136) /build/glibc-S7Ft5T/glibc-2.23/stdio-common/sprintf.c
fn=(538) sprintf
27 7 1
+4 1
+1 1
-1 5
+1 1
cfi=(137)
cfn=(540)
calls=1 * 
* 1580 201 48 16 8
+4 2

fl=(98)
fn=(384)
46 2
+1 2
cfi=(99)
cfn=(386)
calls=2 -13 
* 73 13 3
+1 6
+4 4

fl=(102)
fn=(392)
104 27
+20 3
-10 3
+3 3
+5 3
+2 3 3
+3 12 3 1
543 24
136 12 3 2
+24 6 3 2
+1 8
cfi=(123)
cfn=(486)
calls=2 34 
* 20 4
* 4 2
+1 6 2 2
+6 3
cfi=(103)
cfn=(394)
calls=1 -71 
* 538 77 30 1
+1 1
-1 1
+1 1 1
+4 2
cfi=(107)
cfn=(414)
calls=1 35 
* 6 2
* 4
cfi=(108)
cfn=(416)
calls=1 34 
* 10 2
* 2 1
+6 2
-64 1
+64 1
cob=(2)
cfi=(16)
cfn=(352)
calls=1 0 
* 18 2 1 1
+4 1
-3 1
+3 1
+1 2
+1 1
+3 1
-3 1
+6 5
cfi=(109)
cfn=(418)
calls=1 34 
* 493 80 42 6 5
* 5
cfi=(109)
cfn=(418)
calls=1 34 
* 222 41 20 3
* 4 2
+2 8
cfi=(111)
cfn=(440)
calls=2 24 
* 44 16 8
* 4 2
fi=(112) /build/glibc-S7Ft5T/glibc-2.23/time/../sysdeps/x86/bits/byteswap.h
47 16
fe=(102)
197 2
fi=(112)
47 2
fe=(102)
201 4
-1 2
fi=(112)
47 10
fe=(102)
196 2
fi=(112)
47 2
fe=(102)
199 2
+4 2
-7 2
+1 2
+1 2
+1 2
+4 2 2
+4 4 2 1
+1 2 1
+12 6
-9 1
+9 4
cfi=(113)
cfn=(444)
calls=1 32 
* 110 17 9 2 2
* 2 1 1
-74 9 3
+16 6 2
+1 6 2
534 3
-1 3
+1 3
cob=(2)
cfi=(16)
cfn=(352)
calls=3 0 
* 54 6 3 3
* 4
226 3 1
+5 2
+3 5 1
+3 3
+1 4 1
+2 1
+1 2 1
+3 3
+3 4 1
+3 1
+1 1
-1 2
+2 1
-2 2
+2 2 1 1
+25 10 1
+5 4
cob=(2)
cfi=(16)
cfn=(358)
calls=1 0 
* 186 29 15 1
+1 1
-1 1
+1 1 1
+5 1
+1 1
-3 1
+5 3
-3 1
+1 1
+2 1
-2 1
-3 1
+5 1
-2 1
+1 1
-2 1
-2 1
+4 1
+1 1 1 1
+19 1
cfi=(109)
cfn=(418)
calls=1 34 
* 291 176 21 1
+1 1
-1 5 1
+7 2 1
+1 7 1
-1 278 139 1
+1 555 138 4
-23 5 1
+5 5
+21 4 1
fi=(112)
111 3
fe=(102)
338 1
-1 2 1 1
fi=(112)
111 414
fe=(102)
338 138
-1 276 138 9
+4 9 1
+4 5
cfi=(109)
cfn=(418)
calls=1 34 
* 76 11 6 1
* 35
cfi=(109)
cfn=(418)
calls=7 34 
* 532 77 12 7
* 16 8
fi=(118) /build/glibc-S7Ft5T/glibc-2.23/time/../libio/bits/stdio.h
65 48 8
fe=(102)
350 16 8
+2 32
fi=(118)
65 48 8
fe=(102)
354 24 8
+3 8
-16 16
+16 8
fi=(112)
47 16
fe=(102)
358 16
-17 13 8 3
+20 8
cfi=(109)
cfn=(418)
calls=1 34 
* 85 12 7 1
* 5 1
+6 8
-3 2 1 1
254 8
cfi=(116)
cfn=(456)
calls=1 35 
* 68 12 7 1
+1 3 1
+2 1
-1 1
+2 5
-3 2 1
+8 1
-3 1
+3 3 1
+1 1
-1 2 1
+4 1
-1 2
+1 2 1
+3 5 2
+2 1
+1 10 2 1
+23 8
fi=(118)
65 48 8
fe=(102)
385 40
-5 26 9 7
+7 1
+1 3
-1 2 1 1
-4 2
+7 18 9 1
fi=(118)
65 48 8
fe=(102)
395 32
-5 16
+7 4 1 1
+4 2 1
fi=(118)
65 6 1
fe=(102)
404 2 1
+58 2
+3 1
-3 1
cfi=(119)
cfn=(462)
calls=1 39 
* 511 103 50 4 2
* 2
+3 18 9 1
+1 8
-1 8
+1 40
cfi=(89)
cfn=(478)
calls=8 128 
* 1868 357 90 4
* 8
-61 8
cfi=(109)
cfn=(418)
calls=1 34 
* 89 12 6 1
* 3 1
+4 2
+50 1
-50 1
+50 3 2
+12 1
+2 3
+11 1
-13 1
+1 1
+1 4 2
+2 4
+1 8
+2 2
-2 2
+2 2 2
+4 8
cfi=(89)
cfn=(478)
calls=2 128 
* 270 61 9
* 4
+2 10 2 1
+4 3 1
+7 2 1 1
847 10
+5 13
-1 34 17 11
+2 16 4 2
+1 2
+2 12 4 3
500 3 1 1
+29 4
+1 1
-1 1
+1 3
-15 3
-9 2
+9 2
-10 2
+5 9 3 1
+3 2
-1 1
+8 4 2 1
+3 2 1 1
-8 7 2
+3 2
-1 10 2

fn=(480)
643 36
+3 4
-3 4
+3 8 4
+5 4
-3 4
+3 4
-3 4
+1 4
+2 20 8 1
+30 12 4 2
+42 8
-5 4
+5 24
+1 8 4 2
+42 24
+1 4
-1 4
+1 8
cfi=(89)
cfn=(478)
calls=4 128 
* 324 68 13
+2 4
-2 12
+2 8 4 2
+3 16
+3 4
-3 4
+3 4 4
+2 16
cfi=(89)
cfn=(478)
calls=4 128 
* 756 176 18
* 12
+2 20 4 2
+7 28 4
+7 20
+1 4
+2 4
-3 4
+1 8
+2 4 4
+7 8 4
+3 8
+1 20
cfi=(121)
cfn=(482)
calls=4 144 
* 96 12 2
* 8 4
+2 4
-1 4
+1 16
+4 4
+8 8
-7 4
+7 12
-2 8 4
+20 32
726 16
+1 12 4 2
+2 4 2 2
+3 6 2 2
+8 6 2 2
-8 4
+12 2
-1 6 2
-3 6 2
-11 4 2 2
+98 8

fl=(85)
fn=(326)
26 1
+9 1
+1 2
+1 1
+4 1
+1 1
+1 1
+1 1
+1 1
+2 2
+2 1
+1 1
+1 1
+2 2
+2 1
+9 1
cfi=(86) /build/glibc-S7Ft5T/glibc-2.23/setjmp/sigjmp.c
cfn=(328) __sigjmp_save
calls=1 -36 
* 9 1 1

fl=(126) /build/glibc-S7Ft5T/glibc-2.23/libio/vsnprintf.c
fn=(496) vsnprintf
95 8
+9 1
-5 1
+5 4 1
+6 6
cfi=(104)
cfn=(398)
calls=1 599 
* 44 2 2
+1 1
+2 4
-2 1
+1 1
+1 1
cfi=(127)
cfn=(498)
calls=1 -77 
* 53 3 2
+1 4
cfi=(128)
cfn=(500)
calls=1 1236 
* 2832 385 101 29 11
+2 3 1
+1 2
+2 7

fl=(68) /build/glibc-S7Ft5T/glibc-2.23/csu/../csu/init-first.c
fn=(254) _init
52 8
+6 3 1 1
+14 1
fi=(70) /build/glibc-S7Ft5T/glibc-2.23/csu/../sysdeps/unix/sysv/linux/x86_64/init-first.c
-36 1
fe=(68)
+34 1
+1 1
fi=(70)
-35 3
fe=(68)
+36 1
fi=(70)
-36 3
fi=(69) /build/glibc-S7Ft5T/glibc-2.23/csu/../sysdeps/generic/dl-hash.h
+12 3
+14 4
-17 3 1 1
+3 9
+14 12
-17 9 3 2
fi=(70)
-9 3 1
+2 2
-2 1
+2 2
cfi=(49)
cfn=(182)
calls=1 -11 
* 6 1 1
+1 2 1 1
+5 2
-3 2
+1 1
+2 1
cfi=(49)
cfn=(182)
calls=1 -17 
* 6 1 1
fe=(68)
+42 3
fi=(70)
-41 2
+1 1
fe=(68)
+40 1
cfi=(71)
cfn=(260)
calls=1 -55 
* 48 5
+8 1
cfi=(73) /build/glibc-S7Ft5T/glibc-2.23/ctype/ctype-info.c
cfn=(264) __ctype_init
calls=1 -63 
* 16
+5 6
-34 1
-7 1
+7 4 1 1
fi=(70)
-25 2
fe=(68)

fl=(142)
fn=(582)
31 8
+17 2
-17 8
+4 8 2
+4 12 2 2
-4 6 2
+32 8 2
+4 12 2 2
-4 6 2
+12 4 2
+3 2
-2 2
+2 12
-2 2
cfi=(143)
cfn=(584)
calls=2 -52 
* 20 2 2

fl=(125)
fn=(494)
28 6 1 1
+4 1
+1 1
-1 5
+1 1
cfi=(126)
cfn=(496)
calls=1 +62 
* 2973 392 105 29 11
+4 2

fl=(73)
fn=(264)
31 5
+2 1
+2 1
-4 1
+4 1
-4 1
+2 3
+2 3

fl=(86)
fn=(328)
28 1
+1 1
-1 2
+1 2 1 1
+5 3

fl=(114)
fn=(446)
40 4 2
-1 6
+10 7 3 2
+16 6
+1 4
-1 2 0 0 2 1
cfi=(105)
cfn=(448)
calls=2 986 
* 107 17 9 1 1
-16 2 1 1

fl=(144)
fn=(624)
27 2
+4 1
+2 2

fl=(127)
fn=(498)
36 16
+4 4 2 2
+6 10
cfi=(104)
cfn=(430)
calls=2 380 
* 36 2 2
+5 2
-3 2
+1 2
+1 2
+1 2 2
+2 2
+1 2
+1 2
+9 2
+1 12
-23 2
+1 8

fl=(106)
fn=(410)
53 7
+10 13 3
+1 6
-1 10 2 1
+2 2 1 1
+1 1
+23 8

fl=(91)
fn=(350)
66 24
+1 24
+1 24
+1 24
+1 24
+1 24
+1 24
+2 24
+2 24 24
+30 24
+1 24
+1 24
+1 24
+1 24 24
+1 24
+1 24

fn=(508)
52 2
+1 2 2 2
+7 2
+1 2
+1 2
+1 2
+3 2
+1 2
+1 2
+1 2
+1 2
+1 2
+1 2
+2 2
+2 2 2
+26 2
+1 28
+29 14 2
+11 2
+1 2
+1 2
+1 2 2
+1 2
+1 2

ob=(1)
fl=(97)
fn=(376)
182 5 1
+1 4 1
+1 16 8 3
+1 2 1 1
+3 2 1
+4 1
-9 9 3 3

fl=(37) /build/glibc-S7Ft5T/glibc-2.23/misc/../sysdeps/unix/sysv/linux/wordsize-64/mmap.c
fn=(120) mmap
33 13
-1 130
+1 35 13 6
+1 130 13 1
+2 91
-3 22 9 7

fl=(43) /build/glibc-S7Ft5T/glibc-2.23/misc/../sysdeps/unix/syscall-template.S
fn=(144) mprotect
84 28 7
+1 7

fn=(234) munmap
84 4 1
+1 1

fl=(32) /build/glibc-S7Ft5T/glibc-2.23/elf/dl-error.c
fn=(96) _dl_catch_error
163 12
+15 6
-3 12
+1 12
-13 12
+14 12
+1 6
+2 6 0 0 6 1
cfi=(2)
cfn=(98) _dl_initial_error_catch_tsd
calls=6 664 
* 12
+2 6
-1 6
+4 6
-3 12
+3 6
-4 6
+4 6
cfi=(33) /build/glibc-S7Ft5T/glibc-2.23/setjmp/../sysdeps/x86_64/setjmp.S
cfn=(100) __sigsetjmp
calls=6 26 
* 120
* 18 6
+2 18 0 0 6 2
cfi=(40) /build/glibc-S7Ft5T/glibc-2.23/elf/dl-deps.c
cfn=(132) openaux
calls=5 60 
* 10406 1860 439 33 6
cfi=(2)
cfn=(102) map_doit
calls=1 496 
* 2811 434 161 11 1
+1 12
+2 6
+1 6
-3 6
+1 12
+1 6
+9 6
-8 6
+8 18

fn=(148) _dl_receive_error
205 10
+1 1 0 0 1 1
cfi=(2)
cfn=(98)
calls=1 664 
* 2
+5 1
-1 1
-4 1
+9 1
+2 1
-3 1
+3 1 0 0 1 1
cfi=(2)
cfn=(150) version_check_doit
calls=1 529 
* 4461 626 140 26 5
+2 1
+1 1
+1 8

fl=(21) /build/glibc-S7Ft5T/glibc-2.23/posix/../sysdeps/unix/syscall-template.S
fn=(62) uname
84 4 1
+1 1

fl=(27) /build/glibc-S7Ft5T/glibc-2.23/string/../sysdeps/x86_64/multiarch/../strchr.S
fn=(74) index
24 11
+1 11
+1 11
+1 11
+1 11
+1 11
+1 11
+1 11 11
+1 11
+1 11
+1 11
+1 11
+1 11
+1 11
+1 11
+1 11
+1 11 11 5
+1 6
+4 6
+1 6
+1 6
+1 6
+2 6
+4 5
+1 5
+1 5
+1 5
+1 5
+1 5
+1 5
+1 5
+1 5
+1 5
+1 5
+1 5
+1 5
+1 5
+1 5
+1 5
+1 5
+1 5
+1 5
+1 5
+1 5
+1 5
+1 5
+1 6 5 4
+5 1
+1 1
+3 1
+1 1
+1 1
+1 1
+1 1
+1 1
+1 1
+1 1
+1 1
+1 1
+1 1
+1 1
+1 1
+1 1
+1 1
+1 1
+1 1
+1 1
+2 1
+1 1 1 1
-20 1
+1 1
+1 1
+1 1
+1 1
+1 1
+1 1
+1 1
+1 1
+1 1
+1 1
+1 1
+1 1
+1 1
+1 1
+1 1
+1 1
+1 1
+2 1
+1 1 1
+2 1
+1 1
+1 1
+1 1
+1 1
+1 1
+1 1
+1 1
+2 1
+1 1
+1 1
+1 1
+1 1
+1 1
+1 1
+1 1
+1 1
+1 1
+3 1
+4 1
+1 1
+1 1
+1 1
+2 1
-9 4
+4 4
+1 4
+1 4
+1 4
+2 4

fl=(25) /build/glibc-S7Ft5T/glibc-2.23/string/../sysdeps/x86_64/memcpy.S
fn=(70) mempcpy
61 21
+4 21 21 3
+3 19
+1 19 19 10
+2 9
+1 9
+2 9
+1 9
+5 9
+1 9 9 2
-1 10
+1 10 10 4
+2 13
+1 13
+2 13
+1 13
+5 13
+1 13 13 6
-1 6
+1 6 6 5
+2 7
+1 7
+2 7
+1 7
+5 7
+1 7 7 4
-1 12
+1 12 12 6
+2 9
+1 9
+2 9
+1 18
+5 9
+1 9 9 4
-1 10
+1 14 10 10
+5 4
+1 4
+1 4
+1 4
+2 4
+2 4
+1 4
+2 4 4
+6 19
+4 19
+12 3
+2 3
+1 3 3 3
+26 3
+1 3 3
+3 3
+1 3
+1 3 3
+5 4
+2 4
+1 4
+1 4
+1 4
+2 4
+1 4
+1 4
+1 4
+2 4
+1 4
+2 4 4 3
+2 1
+2 1
+1 1
+1 1
+1 1
+2 1
+1 1
+1 1
+1 1
+2 1
+1 1
+2 1 1 1
+5 3
+2 3 3 1
+2 2
+7 2

fl=(12) /build/glibc-S7Ft5T/glibc-2.23/elf/../misc/sbrk.c
fn=(24) sbrk
34 4
+8 6 2
+4 2 1 1
+16 5

fl=(13) /build/glibc-S7Ft5T/glibc-2.23/elf/dl-environ.c
fn=(28) _dl_next_ld_env_entry
30 3
+3 10 3 2
+13 65
-13 195 65
+2 134 67 22
+1 28 14 4
+5 2
-3 2
+3 2
+2 2
-12 1
+19 1

fl=(6) /build/glibc-S7Ft5T/glibc-2.23/elf/dl-lookup.c
fn=(170) _dl_lookup_symbol_x
806 1111
568 101
806 404
568 505 101 1
+1 101
-1 101
+1 303
-1 303 101 9
+1 1285
-1 1285
+1 3855
-1 4057 1285 131
808 101
+4 101
+4 101
-8 101
+1 202
+7 277 189 10
+7 101
-2 101
+2 101
-2 101 101
+6 101
-7 101
+7 202 101
-7 606
+15 11 11 2
-8 55 11 2
+2 1414
cfn=(172) do_lookup_x
calls=101 355 
* 43765 6736 435 57 19
+3 303 101 2
+26 202 101 2
+22 90
+1 630 180
+31 90
+9 450 90
+14 270 90 1
+3 360 90 1
+5 90
+2 808
-85 77 22 2
+16 11
+1 22
+59 2

fn=(172)
355 707
+1 101
-1 505
+48 101
-30 101
-11 101
+41 101
+7 202
-7 202
-30 404
+37 404
-44 202
+3 202 101
-3 636
+3 636 318
+4 838 419 15
+4 838 419
+4 838 419 2
+6 1257 419
+8 419
-4 419
+1 419
+3 838
+1 1257
+3 419
+1 838 419
+2 838
+8 419
-8 419
+8 4190 419 99
-99 329
553 2266 865 51
+1 108
cfi=(34) /build/glibc-S7Ft5T/glibc-2.23/elf/dl-misc.c
cfn=(106) _dl_name_match_p
calls=54 288 
* 5022 636 61 48 10
* 162 54
+3 987 329 24
+3 11
+1 808
-92 180 90
+50 672 246 18
+4 36 12
+12 180
+1 90
+1 180
413 564
+2 188 94 2
+2 1196
+13 270 90 2
-10 900 180 73
+2 180
+1 450
-1 90
+1 630
-1 90
+1 270
cfn=(174) check_match
calls=90 92 
* 7957 1115 82 9 9
+4 270 90 4
+34 4 2 2
+94 14
439 810

fn=(10) _dl_setup_hash
956 15 5
+4 5
+4 10
+2 5
-1 5
+3 15 5
+1 5
+1 5
+3 5
-3 5
+7 5
-4 5
-1 5
+3 5
+2 5
-7 5
+7 5
+1 5

fn=(174)
92 720
+3 630 180 6
+12 540 90
+3 452 90 12
cfi=(19) /build/glibc-S7Ft5T/glibc-2.23/string/../sysdeps/x86_64/multiarch/../strcmp.S
cfn=(54) strcmp
calls=23 +34 
* 927 108 34 9 9
* 46 23
+5 90
-1 90
+1 90 90 3
+2 176 88
+19 176
+1 704 88 9
+46 90
-7 90
+7 450
-18 4 2
+2 2
+1 8
-1 10 2 2
-29 264
cfi=(19)
cfn=(54)
calls=88 +6 
* 2134 266 16
* 264 88

fl=(42) /build/glibc-S7Ft5T/glibc-2.23/elf/dl-cache.c
fn=(232) _dl_unload_cache
322 4 1 1
-1 1
+3 2
cfi=(43)
cfn=(234)
calls=1 84 
* 5 1
+1 1
+2 2

fn=(138) _dl_load_cache_lookup
185 18
+8 4 2
+3 6 2 1
+45 4 1
+6 4 2
+9 2
+6 4
-6 8
+6 2
cfi=(24) /build/glibc-S7Ft5T/glibc-2.23/io/../sysdeps/unix/syscall-template.S
cfn=(68) access
calls=2 84 
* 18 2 2
+19 2
-19 2
+19 284 27
cfn=(142) _dl_cache_libcmp
calls=18 138 
* 1270 354 44
* 88 43 11
-15 8
+15 28 4 2
cfn=(142)
calls=2 138 
* 142 40 8
* 14 4 2
-82 4
cfi=(34)
cfn=(140) _dl_sysdep_read_whole_file
calls=1 45 
* 94 10 3
+8 1
-8 1
+8 4 2
+1 4
cfi=(14) /build/glibc-S7Ft5T/glibc-2.23/string/../sysdeps/x86_64/multiarch/../memcmp.S
cfn=(30) bcmp
calls=1 24 
* 38 13 3
* 2 1
+7 1
-3 1
+3 3
+3 1
+1 2
-1 1
+1 1 1
+1 4
cfi=(14)
cfn=(30)
calls=1 24 
* 32 10 5
* 2 1 1
+61 42 12 4
+16 4 2
+4 4 2
+8 6
cfi=(11) /build/glibc-S7Ft5T/glibc-2.23/string/../sysdeps/x86_64/strlen.S
cfn=(22) strlen
calls=2 66 
* 68 6 2
* 4
+1 2
-1 8
+1 4
cfi=(18) /build/glibc-S7Ft5T/glibc-2.23/string/../sysdeps/x86_64/multiarch/../memcpy.S
cfn=(46) memcpy
calls=2 61 
* 114 23 12
+1 4
cfi=(28) /build/glibc-S7Ft5T/glibc-2.23/string/strdup.c
cfn=(80) strdup
calls=2 40 
* 218 26 7 4
+1 16
-31 18 2 2

fn=(142)
138 60
+1 44 22 2
+2 194
+2 97
-2 97 97 18
+2 4 2
+6 2
+2 2
-1 2
-1 2
+1 2
+1 8 2 2
+2 10 2 2
+2 4 2 2
+6 190 95
+2 344 95 18
+4 77
+1 77
-29 154 77 8
+32 6
-7 36

fl=(141)
fn=(560)
130 8
+17 1
+3 15 2 1
+3 2 0 0 1 1
cfi=(2)
cfn=(50)
calls=1 704 
* 2
+2 1
+3 2 1
+2 6 1 1
+8 1
-3 1
+3 8
+7 10 5
+2 10 5
+2 5
+1 5
+5 5
-6 5
-6 5
+8 5
-8 11 5 5
+14 9 2
+1 2 1 1
+4 1
31 1
+2 1
192 1
33 1 1
+6 1
-1 1
+2 1
-2 2
+1 8
+1 1
cfi=(26) /build/glibc-S7Ft5T/glibc-2.23/string/../sysdeps/x86_64/multiarch/../memset.S
cfn=(72) memset
calls=1 +13 
* 15 3 2
* 1
+77 20 4 1
+3 24
cfi=(26)
cfn=(72)
calls=3 -67 
* 54 14 8
* 8
-76 12
+1 12
+4 16 8
+6 8
+1 8 4 1
+2 30
+1 15 6 3
+2 30 10 3
+1 21 7 6
201 3 0 0 1 1
cfi=(2)
cfn=(52)
calls=1 710 
* 2
+5 3 1
81 4
208 1
+2 3 1
-2 4
+2 12 4
+3 10
+3 15 5 3
+4 6 3
+9 3
+3 3
-3 3
+3 6
+2 12 3
+1 6 0 0 3 3
cob=(4) /lib/x86_64-linux-gnu/libm-2.23.so
cfi=(77) ???
cfn=(596) 0x0000000000005690
calls=1 0 
* 78 11 4 1 1
cob=(5)
cfi=(67)
cfn=(574)
calls=1 0 
* 78 11 5 1 1
cob=(6)
cfi=(78)
cfn=(562) 0x00000000004011b0
calls=1 0 
* 12 2 1
-1 12 3
+5 6 3
+1 9 0 0 3 3
cob=(2)
cfi=(16)
cfn=(612)
calls=1 0 
* 3
cob=(2)
cfi=(16)
cfn=(594)
calls=1 0 
* 3
cob=(2)
cfi=(16)
cfn=(572)
calls=1 0 
* 3
+6 30 10 2
+16 10
-56 13 5 4
+11 6 2 1
92 18 6
+21 6
-57 15 6 3
268 4 1
+2 1
-2 2 1
+6 2 1
+7 8

fl=(66) /build/glibc-S7Ft5T/glibc-2.23/elf/dl-init.c
fn=(240) call_init.part.0
28 25
+8 5
+3 5
-3 10
+3 15 5 1
+5 28 4 1
+5 6 3
+9 18 0 0 3 3
cob=(2)
cfi=(16)
cfn=(276)
calls=1 -58 
* 6 1 1
cob=(3)
cfi=(68)
cfn=(254)
calls=1 -6 
* 176 15 8
cob=(2)
cfi=(16)
cfn=(242)
calls=1 -58 
* 6 1 1
* 3
+4 6 3
+6 3
+2 6
-2 6
+3 15 3
+1 12 0 0 3 3
cob=(4)
cfi=(77)
cfn=(280) 0x00000000000056d0
calls=1 -72 
* 17 2 1
cob=(3)
cfi=(74)
cfn=(266)
calls=1 482 
* 1161 268 70
cob=(5)
cfi=(67)
cfn=(246)
calls=1 -72 
* 17 2 1
* 4 0 0 1 1
cob=(3)
cfi=(76)
cfn=(274)
calls=1 -39 
* 4 1 1
* 4
-1 8 4 1
+3 30
-29 3 1 1
-5 3 1

fn=(238) _dl_init
80 11
+1 1
+1 1
+3 3 1 1
+8 2 1 1
+1 2
+25 18 6 1
+1 15
-90 26 5 1
cfn=(240)
calls=4 -2 
* 1526 305 85 5 5
* 4
+96 8
-96 2 1 1
+58 2
+16 1
cfn=(240)
calls=1 -76 
* 76 9 2 2 2
* 1

fl=(26)
fn=(72)
53 16
+1 16
+1 16
+1 16
+1 16
+2 16
+1 16 16 5
+1 14
+1 14 14 13
+15 2
+1 2
+1 2
+1 2
+1 2
+1 2
+1 2
+1 2
+1 2
+1 2
+1 2
+1 2
+1 2
+1 4 2
+3 2
+1 2
+1 2
+1 2
+1 2
+1 2
+1 2 2 1
-6 34
+1 34
+1 34
+1 34
+1 34
+1 34
+1 34 34 7
+1 2
+3 14
+1 14
+1 14 14 7
+1 6
+1 6 6 5
+1 2
+1 2 2 2
+3 2
+1 2 2
+1 2
+1 2
+2 4
+1 4
+1 4
+2 8
+1 8
+1 8

fl=(40)
fn=(132)
60 10
+7 5
-4 55
cfi=(22) /build/glibc-S7Ft5T/glibc-2.23/elf/dl-load.c
cfn=(104) _dl_map_object
calls=5 2189 
* 10321 1860 439 33 6
* 5
+5 10

fn=(130) _dl_map_object_deps
161 1
-1 1
+1 1
-1 4
+1 1
-1 2
+1 1
-1 2
+1 1
-1 2
+1 3
-15 1
+15 1
-17 1
+1 1
+1 1
+6 4
+26 1
-26 1
+26 7 1
-34 1
+2 1
+33 2
-33 1
-2 1
+2 2
-2 1
+1 1
+1 1
+6 3
+26 1
-26 1
+26 5 1
+4 1
+21 1
+1 1
-22 2
+19 1
-12 1
+15 1
-16 2
+13 1
317 9
217 1
-4 1
-4 1
+8 5 1 1
-4 4
-4 4
+8 4 4 4
+12 10 5 3
+2 3
+11 3
-5 3
-6 6
+5 3
+2 6
+1 6
+3 21 3
+50 15 5 2
+1 9
-51 312 78 3
+1 156 78 8
+6 25
cfi=(27)
cfn=(74)
calls=5 24 
* 163 12 4
* 10 5 1
+5 25
-3 5
+3 5
cfi=(32)
cfn=(96)
calls=5 -91 
* 10716 1865 439 43 7
+2 15 5
+15 5
+2 10 5 2
+5 3
+6 3
+2 3
-8 6
+3 3
+1 3
+1 3
+1 3
+4 18
+7 219 73 8
459 15 5 2
+2 9
+2 9
cfi=(17)
cfn=(40) malloc
calls=3 94 
* 87 9 3 3
* 3 0 0 3
+2 3
-2 3
+2 3 3
+4 12
-1 3
+1 3
cfi=(18)
cfn=(46)
calls=3 61 
* 68 20 9
+1 15
cfi=(18)
cfn=(46)
calls=3 61 
* 68 20 11
+4 3
-1 3
+5 28 5 5
+7 6 2
+1 1
+3 5 1 1
+10 4
cfi=(17)
cfn=(40)
calls=1 94 
* 29 3 1 1
* 1 0 0 1
+3 1
-3 1
+3 1 1
+5 6
+1 1
-1 3 1
+1 2
+8 2
+4 3
-4 1
-6 3 1 1
-2 4
+8 8
+4 12
-4 4
-6 12 4 3
+13 3 1
+51 3 1
+2 3 1 1
+42 1
-4 1
+5 2
-1 4
+1 2
cfi=(26)
cfn=(72)
calls=1 53 
* 15 3 2
* 1
-2 9
+7 1
-1 1
+1 1
-1 2
+7 1
-7 1
+7 2 1
-13 3
+7 3
-1 3
+1 3
-1 6
+7 3
-7 3
+7 9 3 1
+2 12
+1 6 3 3
-1 12
+1 9 3
+2 30 10 3
+1 21 7 7
+28 27
cfi=(26)
cfn=(72)
calls=3 53 
* 54 14 8
* 15
-6 6
-28 12 6 4
+31 14 4 1
-6 2
+16 2
+2 1
+1 1
-1 1
+2 3 1 1
+7 3 1 1
+3 3 1
+3 8
481 12 4 4
-1 5
+1 11 5 4
202 2
+27 8 4
-19 4
+8 32 14 2
+2 3
+2 12 3 1
+2 30 2
338 8
611 8
cfi=(18)
cfn=(46)
calls=1 61 
* 42 11 8
+2 1
-38 1
+38 1 1 1
209 2

fl=(23) /build/glibc-S7Ft5T/glibc-2.23/elf/dl-hwcaps.c
fn=(66) _dl_important_hwcaps
39 6
+3 1
-3 2
+3 1
-1 1
+1 1
+9 1
-12 4
+12 2 1 1
+10 4 1 1
162 2 1 1
-47 3
cfi=(24)
cfn=(68)
calls=1 -31 
* 9 1 1
* 2 1 1
+55 3 1
+2 2
+1 5
+4 2
+4 1
-4 1
+1 1
+3 1 1
+3 1
+1 1
-1 1 1
+4 3
+1 1
-1 9
+1 1 1 1
+18 10
+1 2
-1 1
+1 3
cfi=(17)
cfn=(40)
calls=1 94 
* 29 3 1 1
* 1 0 0 1
+1 1
-1 1
+1 5 1
+29 1
+3 1
-3 2
+3 1 1 1
+23 7
+6 2
-1 2 1 1
+1 6
-1 8 3 2
+5 6
+3 1
-3 1
+3 1 1
-3 3
+3 1
-3 1
+3 5 1
+1 12 4 1
+1 4
-1 4
+1 8
-2 4
+1 8 4 1
-1 14 4 2
+4 4 2 1
+4 1
-1 1
+2 1
-2 1
+1 1
+1 1
-2 1
+2 10 1 1
+13 2
+1 1
-1 1
+3 2 1 1
-3 2
+1 1
-1 1
+3 2 1
+3 4
+3 1
-1 1
+1 9
113 1
+17 1
+1 1
-1 9
243 6
cfi=(25)
cfn=(70)
calls=1 61 
* 22 6 3
* 4
cfi=(25)
cfn=(70)
calls=1 61 
* 18 6 4
+1 4
cfi=(25)
cfn=(70)
calls=1 61 
* 22 6 3
* 4
cfi=(25)
cfn=(70)
calls=1 61 
* 18 6 4
* 12

fl=(30) /build/glibc-S7Ft5T/glibc-2.23/elf/dl-tls.c
fn=(228) _dl_allocate_tls_init
450 2 1
-1 7
+5 1
+6 3
-6 1
+6 1 1
-4 1
+16 1
-15 3
+20 6 1
+6 16 2 1
+3 1
+1 2 1
+6 3 1
+3 1
-2 2
+2 4
+1 1
+3 1
-1 3 1 1
+4 2 1
+1 4 1
+2 2 1 1
+9 6
cfi=(25)
cfn=(70)
calls=1 61 
* 23 7 5
* 4
cfi=(26)
cfn=(72)
calls=1 53 
* 30 3 1
* 2
-38 3 1 1
+52 2
+2 1
+1 8

fn=(146) _dl_next_tls_modid
49 1
+3 4 1
+48 1
+4 2

fn=(198) _dl_add_to_slotinfo
890 3
+9 1
-9 1
+6 2
+8 5 1
+41 1
+1 3
+1 4

fn=(88) _dl_count_modids
115 2 1
+1 2

fn=(162) _dl_allocate_tls_storage
354 3
+2 1
+11 3
cfi=(17)
cfn=(44) __libc_memalign
calls=1 52 
* 76 7 3
* 1 0 0 1
+1 2 1
+7 2
+4 1
-57 1
+57 296 288 10
-58 2
+1 2
cfi=(17)
cfn=(36) calloc
calls=1 103 
* 38 4 2 2
* 1 0 0 1
+1 2 1
+3 1
+6 2
+64 5

fn=(160) _dl_determine_tlsoffset
138 7
+6 3 1
+3 2 1
+36 3 1
+2 10 1
+3 1
-1 1
+5 2
-5 3
+3 3
+2 5 1
+16 3
+2 2
-2 2
+2 2 1 1
+10 1
-37 2
+25 1
-25 4 1
+40 4
+1 1
+51 1
+1 8

fl=(44) /build/glibc-S7Ft5T/glibc-2.23/elf/dl-version.c
fn=(156) match_symbol
76 66
+9 6
-8 6
-1 12
+1 6
+8 6 6
+6 18 6
+15 6
+1 12 6
+2 6
+5 12 6
+14 84 42 6
+12 108 36
+4 36
-30 72 36 7
+19 30
cfi=(19)
cfn=(54)
calls=6 +11 
* 144 18 4
* 12 6
+35 48

fn=(154) _dl_check_map_versions
189 15 5 1
-15 45
+17 5
+3 15
-3 5
+2 5
+1 5
+2 5
-3 5
+3 5 5 2
+3 6
+4 3
-4 3
+4 12 3
+17 3
56 6
220 3
56 15 3 3
220 1
56 2
220 1
56 5 1 1
+1 14
-1 28 14
+2 54
cfi=(34)
cfn=(106)
calls=18 288 
* 1778 222 41 14 5
* 40 18 6
228 12 4
+5 32
+19 2
-15 75 6 5
cfn=(156)
calls=1 76 
* 75 12 3
* 20
cfn=(156)
calls=5 76 
* 615 150 14
* 6
+7 36
+3 18 6 2
+9 24 4 3
+5 3
+1 1
+8 6 3 1
+3 12
+10 33
-7 132
+3 99 33 16
-3 12
+3 9 3 3
+8 12 4 4
+87 8
-81 16
cfi=(17)
cfn=(36)
calls=4 103 
* 152 16 6 8
* 4 0 0 4
+1 4
-2 4
+2 4 4
+11 4
+2 4
-5 4
+3 4
+2 4
-2 4
+2 4 4 1
+3 12
+4 12
+18 2
-15 6
+2 6 2
-2 12
+2 12 4
+2 6
+1 6
-1 12
+1 6
-1 6
+1 6
+1 6
-2 6
+2 12
+1 18
+3 18 6 2
+8 12 4 3
+5 1
+1 1
+4 12 4 1
+3 12
+20 33
-14 72 36 1
-2 33
+7 66
+1 33
-1 99
+1 33
-1 33
+1 33
+1 33
+3 108 36 14
+10 36
183 2
-8 2
+95 4 2 1
-80 2

fn=(152) _dl_check_all_versions
380 5
+4 7 1
+2 35 5
cfn=(154)
calls=5 189 
* 4362 614 134 26 5
-2 5
+2 15
-1 5
-1 10 5 5
+5 7

fl=(7) /build/glibc-S7Ft5T/glibc-2.23/elf/../elf/dl-sysdep.c
fn=(230) _dl_sysdep_start_cleanup
256 1

fn=(12) _dl_sysdep_start
86 8
+25 1
-1 1
+1 210 68 10
+6 1
-3 1
+1 1
-4 1
+3 1
+3 4 1
+1 2
-1 25
+1 108 19 2 17 13
-1 106 29 12
+62 1
+1 1
-1 1
+1 1
-29 1
+1 2
+11 1
+1 1
-1 1
+1 1
-7 1
+1 1
-1 1
+1 1
-4 1
+1 2
-25 1
+1 2
-4 1
+1 2
-7 1
+1 1
+2 1
+1 1
fi=(8) /build/glibc-S7Ft5T/glibc-2.23/elf/../sysdeps/unix/sysv/linux/dl-sysdep.c
-90 2
cfi=(9) /build/glibc-S7Ft5T/glibc-2.23/elf/../sysdeps/unix/sysv/linux/x86_64/brk.c
cfn=(16) brk
calls=1 -4 
* 11 2
fi=(5) /build/glibc-S7Ft5T/glibc-2.23/elf/../sysdeps/x86_64/dl-machine.h
225 5 2 1
+4 1
cfi=(10) /build/glibc-S7Ft5T/glibc-2.23/elf/../sysdeps/x86/cpu-features.c
cfn=(20) init_cpu_features.constprop.0
calls=1 46 
* 134 22 9 1 1
fe=(7)
+2 3 1
+1 1
cfi=(11)
cfn=(22)
calls=1 66 
* 32 2 1
* 1
+2 2
cfi=(12)
cfn=(24)
calls=1 34 
* 17 3 1
* 3 1
+12 3 1
+3 5 0 0 1 1
cfi=(2)
cfn=(26) dl_main
calls=1 790 
* 110817 18635 1905 277 59
+2 9
-11 2

fl=(8)
fn=(60) _dl_discover_osversion
45 7
+2 3 1 1
+85 8
-45 3
cfi=(21)
cfn=(62)
calls=1 -3 
* 5 1
* 1
+15 1
-15 1 1
+20 1
-1 1
+3 12 3
+4 3
-2 6
+2 10 3 2
+2 1
+1 2
-3 4 1
+7 3
-1 3
+4 3
-2 3
+2 10 5 3
+5 2 1 1

fl=(45) /build/glibc-S7Ft5T/glibc-2.23/elf/dl-reloc.c
fn=(164) _dl_relocate_object
149 50
+15 5
-15 10
+15 5 5
+1 30
+6 10 5
+6 15 5 3
-18 10
+22 10 5
+7 5
-32 5
+32 5 5
+44 5
fi=(5)
76 15
fe=(45)
232 10
fi=(5)
76 13 9 2
+6 6
+4 9 3 1
+14 3
-8 3
+8 6 3
+20 6 3
+4 12
-2 3
+9 15 5 4
fe=(45)
258 193 64 33
-98 18
fi=(5)
303 24
fe=(45)
-45 3
fi=(4) /build/glibc-S7Ft5T/glibc-2.23/elf/do-rel.h
58 3
-10 3
-1 6
+11 3
-11 3
+11 3 3 3
fe=(45)
258 2
-98 12
fi=(5)
303 16
fe=(45)
-45 2
fi=(4)
58 2
-10 2
-1 4
+11 2
-11 2
+11 2 2 2
fe=(45)
258 5
fi=(4)
58 5
-10 5
-1 10
+11 5
-11 5
+11 5 5 2
+3 15 3 3
fi=(5)
530 54
+4 54 27
+2 81 27
+1 27
fi=(4)
61 141 47 3
+2 196 49 11
+2 70 22 6
-4 6 2 2
+13 6 3 1
+1 10 4 2
+1 44 22
fi=(5)
530 22
+26 22
fi=(4)
75 22
fi=(5)
556 44 0 0 22 22
cob=(4)
cfi=(55) /build/glibc-S7Ft5T/glibc-2.23/math/../sysdeps/x86_64/fpu/multiarch/s_sin.c
cfn=(226) sin
calls=1 17 
* 8 2 1
cob=(4)
cfi=(65) /build/glibc-S7Ft5T/glibc-2.23/math/../sysdeps/x86_64/fpu/multiarch/e_atan2.c
cfn=(224) __atan2_finite
calls=1 9 
* 8 2 1
cob=(4)
cfi=(62) /build/glibc-S7Ft5T/glibc-2.23/math/../sysdeps/x86_64/fpu/multiarch/e_asin.c
cfn=(222) __asin_finite
calls=1 16 
* 5 1
cob=(4)
cfi=(64) /build/glibc-S7Ft5T/glibc-2.23/math/../sysdeps/x86_64/fpu/multiarch/s_floor.S
cfn=(220) floor
calls=1 25 
* 5 1 1
cob=(4)
cfi=(63) /build/glibc-S7Ft5T/glibc-2.23/math/../sysdeps/x86_64/fpu/multiarch/s_floorf.S
cfn=(218) floorf
calls=1 25 
* 5 1 1
cob=(4)
cfi=(62)
cfn=(216) __acos_finite
calls=1 10 
* 5 1
cob=(4)
cfi=(61) /build/glibc-S7Ft5T/glibc-2.23/math/../sysdeps/x86_64/fpu/multiarch/s_rintf.S
cfn=(214) rintf
calls=1 25 
* 5 1 1
cob=(4)
cfi=(60) /build/glibc-S7Ft5T/glibc-2.23/math/../sysdeps/x86_64/fpu/multiarch/e_log.c
cfn=(212) __log_finite
calls=1 9 
* 8 2 1
cob=(4)
cfi=(59) /build/glibc-S7Ft5T/glibc-2.23/math/../sysdeps/x86_64/fpu/multiarch/e_pow.c
cfn=(210) __pow_finite
calls=1 8 
* 5 1
cob=(4)
cfi=(58) /build/glibc-S7Ft5T/glibc-2.23/math/../sysdeps/x86_64/fpu/multiarch/s_ceil.S
cfn=(208) ceil
calls=1 25 
* 5 1 1
cob=(4)
cfi=(57) /build/glibc-S7Ft5T/glibc-2.23/math/../sysdeps/x86_64/fpu/multiarch/s_ceilf.S
cfn=(206) ceilf
calls=1 25 
* 5 1 1
cob=(4)
cfi=(56) /build/glibc-S7Ft5T/glibc-2.23/math/../sysdeps/x86_64/fpu/multiarch/s_rint.S
cfn=(204) rint
calls=1 25 
* 5 1 1
cob=(4)
cfi=(55)
cfn=(202) cos
calls=1 12 
* 8 2 1
cob=(4)
cfi=(54) /build/glibc-S7Ft5T/glibc-2.23/math/../sysdeps/x86_64/fpu/multiarch/e_exp.c
cfn=(200) __exp_finite
calls=1 9 
* 8 2 1
cob=(3)
cfi=(53)
cfn=(196)
calls=1 54 
* 11 2 1
cob=(3)
cfi=(52)
cfn=(192)
calls=1 37 
* 66 6 4
cob=(3)
cfi=(51)
cfn=(190)
calls=1 30 
* 6 1
cob=(3)
cfi=(50)
cfn=(188)
calls=1 45 
* 6 1
cob=(3)
cfi=(46)
cfn=(186)
calls=1 129 
* 5 1 1
cob=(3)
cfi=(50)
cfn=(184)
calls=1 45 
* 6 1
cob=(3)
cfi=(47)
cfn=(178)
calls=1 38 
* 66 6 4
cob=(3)
cfi=(46)
cfn=(176)
calls=1 109 
* 5 1 1
fi=(4)
75 22
fi=(5)
557 22
fi=(4)
75 28 22 15
fe=(45)
258 4 2
fi=(4)
75 16
fe=(45)
258 16 8 5
+3 20 5
+24 5
+3 10 5
+17 15 5 5
+2 40
fi=(4)
84 7
-1 7
+3 14
-3 7
+3 7
+12 21 7 2
+10 10 5 1
+3 13 5 2
fi=(5)
514 3
fi=(4)
112 6
fi=(5)
514 1198 3
fi=(4)
112 2384
fi=(5)
514 2384 1192
+5 2390 1195
+1 2390
fi=(4)
111 2390
fi=(5)
520 1195
fi=(4)
111 1195 1195 8
+7 21 7 2
+6 5
-3 10
+3 13 5 1
fi=(5)
449 12
fi=(4)
127 412 103
+9 206
+3 103
-3 103
+3 103
fi=(5)
271 103
fi=(4)
138 103
-2 103
+1 412
fi=(5)
271 103 103
+21 206 103 3
+4 206 103 1
+7 2008 442 9
fi=(4)
137 86
fi=(5)
303 172
fi=(4)
137 86
fi=(5)
303 86
fi=(4)
137 86
fi=(5)
303 1376 86
cfi=(6)
cfn=(170)
calls=86 806 
* 53151 7719 496 26 6
* 688
+2 267 89 2
+3 97
-3 194
+3 291 97
+6 618 103 0 103 5
fe=(45)
178 10 5 3
fi=(5)
437 264
fi=(4)
124 317 103 12
+19 8 4 4
fi=(5)
303 54 4 1
fi=(4)
108 3 1
fi=(5)
409 45 15 1
+4 75 15
+14 75
fe=(45)
313 25
+3 5
-3 10
+3 5
+4 10 5
+1 20
cfi=(43)
cfn=(144)
calls=5 84 
* 25 5
* 15 5 4
-63 3
fi=(4)
129 10
fi=(5)
303 87 12 6
fi=(4)
160 11 2 1
+2 28 7
+8 14
+1 7
-1 7
+1 7
fi=(5)
271 7
fi=(4)
170 21
fi=(5)
271 7 7
+21 14 7
+4 14 7 1
+7 252 35
cfi=(6)
cfn=(170)
calls=7 806 
* 3743 543 25
* 49
+2 21 7 4
+3 2
-3 4
+3 6 2
+6 42 7 0 7 1
437 21
fi=(4)
160 23 7 5
+14 2 1 1
fi=(5)
303 6
fe=(45)

fl=(22)
fn=(64) _dl_init_paths
689 1
+13 2
-13 8
+13 3
cfi=(23)
cfn=(66)
calls=1 39 
* 398 61 32 2
+5 1
-5 1
+5 1
cfi=(17)
cfn=(40)
calls=1 94 
* 29 3 1 1
* 1 0 0 1
+1 1
-2 1
+2 2 1
+8 1
-1 1
+1 3
-1 3
+4 4
cfi=(17)
cfn=(40)
calls=1 94 
* 29 3 1 1
* 1 0 0 1
+2 1
-2 1
+2 1 1
+17 2
+9 2
-19 1
+11 1
-1 1
+3 1
+1 1
-15 2
+23 1
-9 1
+9 5
-3 17 1
cfi=(26)
cfn=(72)
calls=4 53 
* 60 12 6
+3 27 4 1
-14 3
+2 3
+1 3
+2 6
-3 3
+4 9
+4 3
-3 3
+3 3 3
+1 3
-4 9
+4 3 3 3
+14 1
-11 1
+6 1
+1 1
+5 1
-12 1
+12 1 1
+2 4 1
+2 3 1 1
+38 5 2
+6 3
cfi=(27)
cfn=(74)
calls=1 24 
* 47 3 2
* 2 1
+2 3
cfi=(11)
cfn=(22)
calls=1 66 
* 34 3 1
* 8
cfi=(18)
cfn=(46)
calls=1 61 
* 40 7
* 1
+17 277 31 10
+5 1
cfi=(17)
cfn=(40)
calls=1 94 
* 29 3 1 1
* 1 0 0 1
+1 1
-2 1
+2 1 1
+6 9
cfn=(76) fillin_rpath
calls=1 444 
* 944 215 34 5 1
+4 5 1
+6 1
+4 8
-70 1
-2 1
+2 2 1 1
+14 2

fn=(104)
2189 42
+8 6
-8 12
+8 6 6
+1 24 6
+3 93 21 7
+5 126 18
+2 54
cfi=(34)
cfn=(106)
calls=18 288 
* 1969 249 73 17 7
* 36 18 3
+4 30 15
+1 45 15 4
+3 6
+2 24
cfi=(19)
cfn=(54)
calls=6 144 
* 144 18 2
* 12 6 2
2500 48
2235 15 3 3
+9 3
-53 3
+53 6 3
+36 6
-2 3
+2 3
cfi=(27)
cfn=(74)
calls=3 24 
* 69 6
* 6 3 2
2431 2 1
383 3
cfi=(27)
cfn=(74)
calls=1 24 
* 108 5 2
* 2 1
+4 2
cfi=(28)
cfn=(80)
calls=1 40 
* 190 22 11 2
2432 1
-3 1
+3 2 1
+4 9
cfn=(108) open_verify.constprop.7
calls=1 1717 
* 319 69 23
+3 1
-3 1
+3 3 1
+12 3
+46 1
+1 3
-1 1
+1 9
cfn=(114) _dl_map_object_from_fd
calls=1 893 
* 1776 283 101 7
-1 2
+1 6
-1 2
+1 18
cfn=(114)
calls=2 893 
* 3211 553 157 14
* 12
2284 4
cfi=(11)
cfn=(22)
calls=2 66 
* 32 4
* 2
+2 2
-2 2
+2 2 2
+7 8 4 2
+35 4 2
+1 28 2
cfn=(134) open_path
calls=2 2040 
* 1043 161 52
+6 4
-6 2
+6 6 4
666 2
2336 2
666 4 2 2
2423 4 2
+28 6
+2 8 2
2297 2
+5 2
-5 2
+5 2 2
+3 4
-3 2
+3 14
-3 6 2 2
666 2
2303 2
666 4 2 2
2358 2
-14 2
+14 2 2
+2 6 2
+4 4
cfi=(42)
cfn=(138)
calls=2 185 
* 2616 592 109 4
+2 2
-2 2
+2 2 2
+4 4 2
+8 6 2
+23 20
cfn=(108)
calls=2 1717 
* 720 168 39
+4 2
-4 2
+4 6 2
+1 4
-89 6 2
+1 16 4
666 2
2319 2
666 4 2 2

fn=(108)
1717 88
+39 8
-39 24
+39 30 15 5
+31 32
cfi=(24)
cfn=(110) open
calls=8 84 
* 60 8 2
+2 8
-2 8
+2 11 8 2
+10 3
+1 6
+5 24
cfi=(24)
cfn=(112) read
calls=3 84 
* 15 3
+2 6 3
+2 3
+2 3
-2 6
+2 3 3
+6 6 3
+16 12
cfi=(14)
cfn=(30)
calls=3 24 
* 90 27 10
* 27 6 2
cfi=(14)
cfn=(30)
calls=3 24 
* 108 36 3
* 6 3
+74 6 3
+5 6 3
+2 12 3
+6 6 3
+11 6 3
+6 3
+1 3
-1 12
+1 3
-1 3
+1 6 3
+1 9
+20 151 20 1
+2 53 25 15
+4 12 3
+1 9
+12 21
+4 9 3 1
+5 2
+1 2
-13 8
cfi=(14)
cfn=(30)
calls=2 24 
* 50 16 9
* 12
cfi=(14)
cfn=(30)
calls=3 24 
* 90 24 6
* 10 5 2
+16 4 2
+3 14
+3 6 2
+1 10 4
-39 3
+67 29
-23 5
+23 35
1826 2
+7 8
cfi=(14)
cfn=(30)
calls=2 24 
* 48 18 8
* 4 2 2

fn=(76)
444 7
+2 1
-2 9
+4 3
cfi=(17)
cfn=(78) strsep
calls=1 -94 
* 494 153 14
* 3
cfi=(17)
cfn=(78)
calls=1 -94 
* 6 2 1
* 6 2 1
+7 2 1 1
+35 15 5 2
+1 8 4 4
+55 2
+2 2
cob=(2)
cfi=(16)
cfn=(82)
calls=1 0 
* 7 1 0 1 1
* 1
-39 2 1 1
+4 2
-1 4
cfi=(17)
cfn=(40)
calls=1 94 
* 29 3 1 1
* 1 0 0 1
+3 1
-3 1
+3 2 1
+5 1
+1 2
-2 1
+2 1
cfi=(25)
cfn=(70)
calls=1 61 
* 40 7
+3 1
-3 1
+1 1
+2 1 1
+1 1
+5 2
+1 1
-1 2
+1 13 2
+1 11 4 1
-1 2 1 1
+3 2
+1 3 1 1
+7 1
+1 1
-1 2
383 3
cfi=(27)
cfn=(74)
calls=1 24 
* 47 3 2
* 2 1
+4 2
cfi=(28)
cfn=(80)
calls=1 40 
* 121 14 2 2
* 1
+74 2 1
+5 2
cfi=(11)
cfn=(22)
calls=1 66 
* 34 3 1
+1 2 1
+7 6 2
+9 1
-4 3
+4 2 1 1
+26 2
+43 1
+3 9
-15 2
-9 2
-57 2

fn=(114)
893 33
+10 3
-10 3
+10 3
-10 9
+10 3
cfi=(29) /build/glibc-S7Ft5T/glibc-2.23/elf/dl-debug.c
cfn=(86) _dl_debug_initialize
calls=3 50 
* 24 9 9
fi=(35) /build/glibc-S7Ft5T/glibc-2.23/elf/../sysdeps/posix/dl-fileid.h
37 9
fe=(22)
903 3
fi=(35)
37 3
cfi=(36) /build/glibc-S7Ft5T/glibc-2.23/io/../sysdeps/unix/sysv/linux/wordsize-64/fxstat.c
cfn=(118) _fxstat
calls=3 -3 
* 30 6
* 6 3
+4 3
fe=(22)
919 3
fi=(35)
40 3
+1 3
fe=(22)
919 48 12 5
+1 18 9
fi=(35)
49 24 12 7
fe=(22)
1465 24
937 6 3
+24 6 3
+10 6 3 2
+22 12 3
+32 6 3
904 3
1028 21
cfi=(15) /build/glibc-S7Ft5T/glibc-2.23/elf/dl-object.c
cfn=(32) _dl_new_object
calls=3 61 
* 1342 183 82 15
+1 3
-1 3
+1 3 3
+11 6
+1 3
-1 3
+2 3
-1 3
+4 3
-1 6
-2 3
+2 6
+1 9 3
+1 3
+19 3
-2 3
+10 3
-8 18
+8 3
-8 9
+8 3 3
+87 3
+8 3
-8 12
+8 3
-8 9
-86 45 21 5
-1 208 26 2
+1 147 73 26
+6 6
+1 9
+1 3
+9 40 8
+5 64 8
+9 24
-1 24
+1 8
+1 16
+2 8
-2 8
+1 8
-1 8
+3 8
+4 8
-7 8
+2 8
+1 8
+4 8 8 3
+1 30
+4 15
-14 5
+14 30
+11 5
-11 9
-14 3
+14 18
+11 3
-44 2
+1 1
+46 3 1
+4 1
+1 1
+1 1
-1 2
+1 1 1
+3 3
+1 1
+3 1
-3 1
+7 4 1
+6 1
cfi=(30)
cfn=(146)
calls=1 49 
* 8 1
* 2
+1 1
+59 6
+1 9
+1 3
-6 6
+1 3
+8 9 3
1041 3
1229 3
1041 3
1229 3 3
+10 9
fi=(38) /build/glibc-S7Ft5T/glibc-2.23/elf/./dl-map-segments.h
56 6
fe=(22)
1239 9
fi=(38)
56 3
fe=(22)
1239 3
fi=(38)
56 3
fe=(22)
1239 6
fi=(38)
56 18
cfi=(37)
cfn=(120)
calls=3 -23 
* 103 11 5
+4 3
-4 3
+4 6 3
+3 6
+1 3
+2 3
-2 3
-1 3
+3 3 3 2
+10 6
fi=(39) /build/glibc-S7Ft5T/glibc-2.23/elf/./dl-load.h
+14 16 8 3
+1 9
+2 16 8 3
fi=(38)
+7 32 8 5
+6 3
+2 3
-2 3
+1 3
+2 3
-1 3
+1 3
-1 9
+8 6 3 2
+17 6 3 1
+12 8
-59 40 8 3
+2 10
+2 5
-2 10 5 1
+2 50
cfi=(37)
cfn=(120)
calls=5 -57 
* 155 10
* 15 5 3
fe=(22)
1251 12 3 1
+9 6
fi=(3) /build/glibc-S7Ft5T/glibc-2.23/elf/get-dynamic-info.h
39 3
fe=(22)
1260 3
fi=(3)
39 3 3
+6 3
-2 3
+2 6 3
+15 3
+5 3
+3 3
-1 3
-3 3
-3 62
+10 14
-26 42 14 3
+16 55
+10 55
-26 165 55
+26 3
-26 9 3
+2 144 72 27
+13 68 17 7
+2 12 3 2
+3 12 3 2
+13 6 3
+20 11 3 1
+1 12 3
+1 12 3
+1 12 3
+2 12 3
+5 11 3 1
+1 11 3 1
+1 12 3
+6 9 3 1
+5 4 2
+7 6 3
+1 9 3
+16 9 3 1
+5 2
+2 2
-2 2
+2 2 2 2
+2 4 2 2
+2 4 2
+3 9 3 2
+10 1
-8 4
+8 1 1
+5 2 1
+3 6 3 2
fe=(22)
1267 6 3 3
+15 9 3
+19 6
+2 15 3
+54 9 3 2
+1 2
+3 2
cfi=(24)
cfn=(128) close
calls=1 84 
* 5 1
* 4
cfi=(24)
cfn=(128)
calls=2 84 
* 10 2
* 6 3
+9 6 3
+2 9
+2 3
-2 3
+2 3 3
+16 6
cfi=(6)
cfn=(10)
calls=3 956 
* 69 6
+4 6 3
+1 6 3 2
+17 6 3 1
+9 3
-5 9
+5 3 3
+10 6 3
+10 9
cfi=(15)
cfn=(48) _dl_add_to_namespace_list
calls=3 32 
* 129 12 9 6
+4 12 3 3
fi=(3)
68 12 3
+2 15
fe=(22)
1413 2
fi=(38)
119 6 3
+8 24
cfi=(26)
cfn=(72)
calls=3 -74 
* 298 43 13
* 12
-54 8
-1 12
cfi=(43)
cfn=(144)
calls=2 +12 
* 10 2
* 2
fi=(39)
+22 10 2
+1 22 2
+3 8
fi=(38)
+39 9
cfi=(37)
cfn=(120)
calls=1 33 
* 31 2
+3 3 1 1
fe=(22)
1255 4

fn=(134)
2040 16
+1 2
+6 2
-6 2
+6 2 2
+5 18
+52 2
-59 2
-1 2
+60 2
-52 16
+74 8
-62 2
-9 2
+9 2 2
+7 8
cfi=(25)
cfn=(70)
calls=2 61 
* 80 14
+1 2
-1 2
+1 10 2
+20 8 4 2
-20 31 8 2
+3 16 8 3
+5 10
-1 5
+1 10
-1 15
cfi=(25)
cfn=(70)
calls=5 61 
* 99 30 18
* 20
cfi=(25)
cfn=(70)
calls=5 61 
* 115 30 12
-1 5
+7 5
-7 5
+7 5 5
+3 45
cfn=(108)
calls=5 1717 
* 220 20 6
* 5
+2 25 5 3
+26 4
+2 2 1 1
+39 14 6
+7 2
-2 2
+2 6 2
+3 6 2
+14 2
-27 2
+27 14
-84 8 4
+1 36 4
+6 4
+2 4
-2 4
+2 8
-2 4
+2 4
cfi=(41) /build/glibc-S7Ft5T/glibc-2.23/io/../sysdeps/unix/sysv/linux/wordsize-64/xstat.c
cfn=(136) _xstat
calls=4 34 
* 49 8 3
* 8 4 2
+1 1
+2 1
-2 1
+2 7
+7 3
-7 3
+7 9
-30 3
+23 6

fl=(28)
fn=(80)
40 16
+1 4
cfi=(11)
cfn=(22)
calls=4 +25 
* 170 14 6
* 4
+1 8
cfi=(17)
cfn=(40)
calls=4 +52 
* 116 12 4 4
* 4 0 0 4
+2 8 4
+4 4
-1 8
+1 8
-1 8
cfi=(18)
cfn=(46)
calls=4 +14 
* 171 32 10

fl=(41)
fn=(136)
34 4
-1 4
+1 4 4
+1 24 4 3
+4 1
-4 12

fl=(34)
fn=(106)
288 450
+1 180
cfi=(19)
cfn=(54)
calls=90 144 
* 2694 322 65 26 18
* 90
+1 90
-1 90 90
+3 90
+2 180 90 14
+4 91
-4 182 91 12
+1 294
cfi=(19)
cfn=(54)
calls=98 144 
* 3602 416 73 53 4
* 196 98 11
-5 7
+11 118
-1 83
+1 332

fn=(140)
45 2
+7 1
-7 3
+7 1
-7 3
+7 1
cfi=(24)
cfn=(110)
calls=1 +32 
* 5 1
+1 2 1
+2 5
cfi=(36)
cfn=(118)
calls=1 -21 
* 10 2
* 2 1
+2 1
+3 1
-3 1
+3 1 1 1
+13 2
cfi=(24)
cfn=(128)
calls=1 +11 
* 5 1
+3 7
-14 6
cfi=(37)
cfn=(120)
calls=1 -29 
* 33 3 2
* 2

fl=(11)
fn=(22)
66 18
+1 18
+1 18
+1 18
+1 18
+1 18
+1 18
+2 18
+2 18 18 1
+30 17
+1 17
+1 17
+1 17
+1 17 17 12
+1 5
+1 5
+4 12
+1 12
+1 12
+1 12
+1 12
+1 12
+1 12
+1 12
+1 12
+1 12
+1 12
+1 12
+5 90 12 3
+4 1
+1 14
+1 8 1
+65 3
+1 3
+1 3
+1 3
+1 3
+1 3
+1 3
+1 3 3 1
+2 2
+2 2
+1 2
+1 2
+1 2
+1 2
+1 2
+1 2
+1 2 2 2
+5 1
+2 1
+1 14
+2 1
+1 1
+1 1
+1 1
-6 2
+1 28
+2 2
+1 2
+1 2
+1 2

fl=(36)
fn=(118)
34 4
-1 4
+1 4 4
+1 24 4
+4 4

fl=(80) /build/glibc-S7Ft5T/glibc-2.23/elf/../elf/dl-runtime.c
fn=(300) _dl_fixup
66 16
+5 16
-5 8
+3 16
+3 8
-1 16
-3 8
+5 48
+1 8
-1 8
+1 16
+5 16 8
+4 16 8
+4 24 8
+4 8
+1 40
+2 32
+7 16
-1 8
+1 8 8
+10 72
cfi=(6)
cfn=(170)
calls=8 806 
* 7464 1048 77 31 13
* 8
+4 40 8
+10 48 16
+16 8
-8 8
+8 24 8 1
+4 24 8
fi=(5)
+92 8
fe=(80)
-88 24
fi=(87) /build/glibc-S7Ft5T/glibc-2.23/elf/../sysdeps/x86_64/dl-irel.h
32 1 0 0 1 1
cob=(3)
cfi=(47)
cfn=(178)
calls=1 +6 
* 66 6 4
* 1
fe=(80)

fl=(33)
fn=(100)
26 6
+9 6
+1 12
+1 6
+4 6
+1 6
+1 6
+1 6
+1 6
+2 12
+2 6
+1 6
+1 6
+2 12
+2 6
+4 6
+1 6

fl=(1) ???
fn=(0) 0x0000000000000c30
0 2
cfi=(2)
cfn=(2) _dl_start
calls=1 353 
0 112194 18908 1968 302 75
0 14
cfi=(66)
cfn=(238)
calls=1 80 
0 1699 328 92 7 7
0 3 0 0 1 1
cob=(6)
cfi=(78)
cfn=(290) (below main)
calls=1 0 
0 98821 20073 3238 282 103

fl=(29)
fn=(90) _dl_debug_state
74 2

fn=(86)
50 10 5 5
+5 8 4 4
+5 2
-1 1
+1 2
+1 2
-1 1
+4 1
-13 5
+4 10 5 4
+4 1
-1 1
+1 5 1 1

fl=(19)
fn=(54)
144 312
+1 312
+2 312
+1 312
+21 312
+1 312 312 66
+1 233
+1 233 233 3
+1 229
+1 229
+1 229
+1 229
+21 229
+1 229
+1 229
+1 229
+1 229
+1 229
+1 229 229 42
+5 7
+1 7
+9 7
+1 7
+1 7
+1 7
+1 7
+1 7
+1 7
+1 7 7 1
-7 83
+1 83
+1 83
+1 83
+1 83
+1 83
+1 83
+1 83 83 1
+1 88 88 24
+1 41
+1 41
+1 41
+2 41
+1 41
+1 41
+1 41
+1 41
+1 41 0 0 41 18
-5 47
+1 47
+1 47
+1 47
+1 47
+1 47 0 0 47 13
+10 2
+1 2
+1 2
+2 2
+6 2
+1 2
+1 2
+1 2
+1 2
+5 2 2 1
+2 1
+1 1
+1 2
+8 1
+1 1
+3 1
+1 1
+1 1
+1 1
+1 1
+1 1 1 1
1071 1
+1 1
+1 1
+1 1
+1 1
+2 1
+1 1
+1 1
+1 1
+1 1
+1 1
+1 1 1 1
+1 1
+4 1
+1 1
+1 1
+6 1
+1 1
+1 2
+4 1
+1 1 1
+3 1
+1 1
+1 1
+3 1
+1 1
+1 1
+6 1
+1 1
+1 1
+1 1
+1 1
+1 1 1 1
+72 3
+1 3
+1 3
+1 3
+1 3
+2 3
+1 3
+1 3
+1 3
+1 3
+1 3
+1 3 3 2
+1 1
+4 1
+1 1
+1 1
+6 1
+1 1
+1 2
+4 1
+1 1 1
+3 1
+1 1
+1 1
+3 1
+1 1
+1 1
+6 1
+1 1
+1 1
+1 1
+1 1
+1 1 1 1
+72 21
+1 21
+1 21
+1 21
+1 21
+2 21
+1 21
+1 21
+1 21
+1 21
+1 21
+1 21 21 7
1446 8
+1 8
+1 8
+1 8
+1 8
+2 8
+1 8
+1 8
+1 8
+1 8
+1 8
+1 8 8 7
1571 3
+1 3
+1 3
+1 3
+1 3
+2 3
+1 3
+1 3
+1 3
+1 3
+1 3
+1 3 3 2
1696 16
+1 16
+1 16
+1 16
+1 16
+2 16
+1 16
+1 16
+1 16
+1 16
+1 16
+1 16 16 7
+1 1
+4 1
+1 1
+1 1
+6 1
+1 1
+1 2
+4 1
+1 1 1
+3 1
+1 1
+1 1
+3 1
+1 1
+1 1
+6 1
+1 1
+1 1
+1 1
+1 1
+1 1 1 1
+72 33
+1 33
+1 33
+1 33
+1 33
+2 33
+1 33
+1 33
+1 33
+1 33
+1 33
+1 33 33 10
+1 3
+4 3
+1 3
+1 3
+6 3
+1 3
+1 6
+4 3
+1 3 3
+3 3
+1 3
+1 3
+3 3
+1 3
+1 3
+6 3
+1 3
+1 3
+1 3
+1 3
+1 3 3 3
+72 3
+1 3
+1 3
+1 3
+1 3
+2 3
+1 3
+1 3
+1 3
+1 3
+1 3
+1 3 3
+1 3
+4 3
+1 3
+1 3
+6 3
+1 3
+1 6
+4 3
+1 3 3
+3 3
+1 3
+1 3
+3 3
+1 3
+1 3
+6 3
+1 3
+1 3
+1 3
+1 3
+1 3 3 2
2200 10
+2 10
+1 10
+1 10
+1 10 10 2
-3 80
+1 80
+1 80
+1 80 80 10
+1 123
+5 41
+6 41
+1 41
+8 41
+1 41
-16 271
+6 271
+1 271
+8 271
+1 271

fl=(9)
fn=(16)
31 7 1
+8 1
-6 2 1
+7 1

fl=(24)
fn=(110)
84 36 9 2
+1 4
+1 25

fn=(68)
84 16 4 4
+2 20

fn=(128)
84 16 4
+1 4

fn=(112)
84 12 3
+1 3

fl=(79)
fn=(298)
71 8
+3 8
+2 8
+8 8
+6 8
+1 8
+1 8
+1 8
+1 8
+1 8
+1 8
+4 8
+1 8
+3 8
+1 8
+2 8
+1 8
+1 8
+1 8
+1 8
+1 8
+2 8
+13 8
+1 8
+1 8
cfi=(80)
cfn=(300)
calls=8 -63 
* 8132 1126 82 32 14
+1 8
+5 8
+1 8
+1 8
+2 8
+1 8
+1 8
+1 8
+1 8
+1 8
+1 8
+2 8
+2 8
+4 8
+3 8 0 0 8 8

fl=(15)
fn=(32)
61 56
+1 4
cfi=(11)
cfn=(22)
calls=4 +4 
* 116 11 3
+6 4
-6 8
+6 8 4 3
+7 16
cfi=(17)
cfn=(36)
calls=4 +28 
* 209 20 11 8 2
* 4 0 0 4 1
+3 4
-3 4
+3 4 4
+4 4
+5 8
-6 4
+6 4
-5 4
+3 8
+2 4
cfi=(18)
cfn=(46)
calls=4 -26 
* 139 31 17
+10 4
-10 4
+10 4
-8 4
+9 8
-1 12
+1 12
+3 4
-4 4
+1 4
+3 4 4 4
+9 4
-7 4
+4 4
+3 10 4 3
+2 2
-2 2 1 1
+2 30
-2 30 15 9
+12 4
+6 4
-5 4
-1 4
+6 20 4 1
+2 3
+3 3
-3 3
+3 3 3
-3 6
+7 9 3
+4 6 3 3
+2 5 1
+6 1
+6 1
-3 2
+3 5 1 1
-3 6
+3 6 3
+2 9
cfi=(11)
cfn=(22)
calls=3 -91 
* 128 10 5
+4 3
-4 12
+4 9 3
+64 6
+4 32
68 40
+34 11
+39 12 3 2
+70 9
cfi=(25)
cfn=(70)
calls=3 61 
* 124 25 13
* 53
+6 50
-1 50
+1 53 50 20
-1 3
+1 9 3 3
+5 6
-89 2 1 1
+32 6
cfi=(17)
cfn=(40)
calls=3 -71 
* 87 9 3 3
* 3 0 0 3
+1 3
-1 3
+1 9 3 1
+2 1
-35 2

fn=(48)
32 20
+2 8 0 0 4 1
cfi=(2)
cfn=(50)
calls=4 704 
* 8
+2 4
-2 4
+2 27 4 3
+3 27 9 6
+2 3
+2 3
+4 3
+4 3
-4 6
+1 3
+4 6
-4 3
+1 3
+3 3
-3 3
+2 3 0 0 3
cfi=(2)
cfn=(52)
calls=3 710 
* 6
-4 1
+4 1
-4 2
+1 1
+4 2
-4 1
+1 1
+3 1
-3 1
+2 1 0 0 1 1
cfi=(2)
cfn=(52)
calls=1 710 
* 2
-5 2

fl=(17)
fn=(44)
52 81
+1 107 27 1
+11 78
+3 26
-3 26
+3 52 26 3
-3 3
+3 1
-3 1
+3 98 25 23
+4 12
+1 6 3
+6 24
cfi=(37)
cfn=(120)
calls=3 -45 
* 99 9 7
+2 15 3
+4 9
+3 3
+1 3
+2 15
-3 24
+1 24
+2 120
-31 2
-1 5

fn=(78)
354 4 2
+2 2
+1 4 2 1
+4 65 1
+7 180 60 3
-2 120 60 7
+13 1
+4 2
-7 30
-15 92 30 4

fn=(36)
103 10
+8 30
-4 10
+4 20 10 9
+3 10
cfn=(40)
calls=10 -20 
* 398 38 15 10 1
* 10 0 0 10 1

fn=(40)
94 26
+1 52
cfn=(44)
calls=26 -43 
* 758 86 31
* 26 0 0 26 1

fn=(84)
120 1
+2 3 1
+7 2

fl=(2)
fn=(52)
710 12

fn=(92) handle_ld_preload
757 7
+1 1
-1 1
-75 1
+86 1
-11 1
-75 6
+80 3 1
fi=(31) /build/glibc-S7Ft5T/glibc-2.23/elf/../string/bits/string2.h
961 1
+1 310 103
+1 101
-2 101
+2 101
-2 304 101 5
+2 1
-2 3 1 1
fe=(2)
766 2 1
+10 4 2
108 3 1
779 2 1
677 1
+5 5
-10 1
+4 1
+1 1
+1 1
+2 1
+2 1
cfi=(32)
cfn=(96)
calls=1 163 
* 2873 435 161 13 3
+1 3 1
+13 3
+84 1
-18 3 1
+21 9
-15 4
cfi=(18)
cfn=(46)
calls=1 61 
* 95 16 9
* 1
+1 2

fn=(102)
496 1
+2 1
-2 1
+3 8
cfi=(22)
cfn=(104)
calls=1 2189 
* 2797 434 161 11 1
* 1
+2 2

fn=(26)
790 1
+19 1
-19 7
2390 1
790 3
+19 1
+3 1
-22 1
2385 1
812 1
+4 2
+1 2
+5 2
2383 2
+7 4
-4 1
+4 8
+2 2
cfi=(13)
cfn=(28)
calls=1 30 
* 418 142 26
* 4
cfi=(13)
cfn=(28)
calls=2 30 
* 27 7 2
* 9 3 1
+4 50 23 4
+1 19
-1 57 19 10
+3 4 2
+6 14 2 0 2 2
2553 3 1
+30 3 1 1
832 3 1 1
1033 7
cfi=(15)
cfn=(32)
calls=1 61 
* 250 36 22 3 3
+2 1
-2 1
+2 1 1
+1 1
+1 1
+5 2
-5 1
+1 2
+4 1
cfi=(15)
cfn=(48)
calls=1 32 
* 33 1 0 2 2
+1 3 1
799 1
1072 1
-3 1
-5 1
+1 1
+2 1
+5 7 1
+56 5
-55 36 18 6
-1 33 11 1
+1 55 27 11
1175 5 1 1
+3 2 1 1
+2 2 1 1
+2 3 1
+13 3 1
+1 6
cfi=(19)
cfn=(54)
calls=1 144 
* 24 3 1
* 2 1
+7 1
+3 1
-5 1
+3 1
+2 1 1
+1 2
+4 2 1
+2 2 1
fi=(3)
30 1
+9 2 1
+6 1
-2 1
+2 2 1
+15 1
+5 1
+3 1
+2 1
-3 1
-3 1
-3 14
+10 3
-26 9 3 1
+16 20
+10 20
-26 60 20
+26 1
-26 3 1
+2 48 24 10
+13 16 4 3
+2 4 1 1
+16 3 1 1
+38 3 1
+5 2 1
+7 2 1
+1 3 1
+16 3 1 1
+14 3 1 1
+18 2 1 1
fe=(2)
1218 2
cfi=(6)
cfn=(10)
calls=1 956 
* 23 2
+3 2 1
fi=(20) /build/glibc-S7Ft5T/glibc-2.23/elf/setup-vdso.h
24 2 1 1
fe=(2)
1243 1
cfi=(8)
cfn=(60)
calls=1 45 
* 93 16 7
* 8 3 1
-75 2
+1 2
+1 1
-6 2
+1 1
-88 3
+1 1
+50 4
-1 16
+2 8 4 3
+1 1
+3 2
+1 2 1
-1 6
+1 6 3
+1 4
+1 10 5 3
+1 2
-43 1
-2 2
+27 1
-25 2
+7 1
-10 1
+10 1 1 1
-19 3
+1 1
fi=(3)
65 4 1 1
+3 4 1
+2 4
fe=(2)
2480 1
+1 1
-1 2 1
+1 3
cfi=(14)
cfn=(30)
calls=1 24 
* 31 11 4
* 2 1 1
-55 4
cfi=(14)
cfn=(30)
calls=1 24 
* 18 6 1
* 2 1 1
+7 4
cfi=(14)
cfn=(30)
calls=1 24 
* 36 12 2
* 2 1
+2 3
+48 3
1248 2
cfi=(22)
cfn=(64)
calls=1 689 
* 2108 363 94 13 1
+3 3
cfi=(29)
cfn=(86)
calls=1 50 
* 17 3 2
+7 1
-7 1
+2 1
+5 1 1
+3 3
+1 1
+3 1
-3 3
+1 2
+3 1
+5 1
-7 1
+7 1 1
+1 5
+17 2 1
+1 2 1
+5 1
-3 4
+2 2
+1 3
+5 3 1
+1 5 1
+2 2
+1 2
+5 2 1 1
+5 1
805 1
1314 2 1
1491 1
cfi=(30)
cfn=(88)
calls=1 115 
* 4 1
* 1
+8 3 1
+3 1
+4 3 1 1
+5 1
+1 1
cfi=(29)
cfn=(90)
calls=1 74 
* 1
+1 1
+4 3 1
+15 3 1
+4 1
-2 1
+2 2 1
+2 3
+1 1
-1 2
+1 1
cfn=(92)
calls=1 757 
* 3960 664 176 13 3
* 1
+1 1
+2 6
+10 3
cfi=(24)
cfn=(68)
calls=1 84 
* 9 1 1
* 2 1
+77 1
-96 1
+96 3 1 1
+17 3
+1 1
-1 1
+1 2
-1 1
+1 5
cfi=(40)
cfn=(130)
calls=1 161 
* 12849 2320 563 51 7
+1 1
+2 2
+3 1
-3 3
+3 1
-3 1
+3 3 1
+1 4
-1 2 1 1
+1 16
-1 8 4 3
+4 3
+1 3 1
+1 1
+2 2 1
+1 6 1
-1 6 1
+1 8 3 1
-1 6 2 2
-3 1
+16 1
+1 2
-1 1
+1 1 1
+2 1
+2 3 1 1
+2 1
-4 1
+5 1
-1 2 1 1
+14 2 1
+1 2
+1 3 1 1
+11 1
+2 1
-2 1
+2 2
-1 1
+1 1
-2 3
+2 1
cfi=(32)
cfn=(148)
calls=1 205 
* 4491 626 140 28 7
+10 1
+1 1
-1 1
+1 1 1
+1 1
cfn=(158) init_tls
calls=1 589 
* 676 332 30 7
* 1
+2 2 1
719 1
+2 3
fi=(145) /build/glibc-S7Ft5T/glibc-2.23/elf/../sysdeps/unix/sysv/linux/dl-osinfo.h
77 1
fe=(2)
730 1
+7 1
-5 1
1729 3 1
1959 3 1 1
2080 3
+7 1
+2 3
+19 1
-19 4
+2 1
+2 15
+5 10
+2 10 5 1
+6 5
+2 10 5 1
+1 32
cfi=(45)
cfn=(164)
calls=4 149 
* 80066 13148 652 150 32
+4 17 6 4
-22 12 6 6
+25 1
+2 5
+6 1
-6 1
+6 1 1 1
+5 4 2
+2 1
+5 3
cfi=(30)
cfn=(228)
calls=1 450 
* 147 22 10
+3 2 1 1
+9 3 1
+2 2 1
+15 1
+2 1
-2 2
+3 1
-3 1
+3 1
-3 1
+3 3
cfi=(45)
cfn=(164)
calls=1 149 
* 4238 633 68 8 2
+1 1
+2 6
+8 1
cfi=(7)
cfn=(230)
calls=1 256 
* 1
+4 3 1
+20 3
cfi=(29)
cfn=(86)
calls=1 50 
* 8 3 3
+1 1
-1 1
+2 1
cfi=(29)
cfn=(90)
calls=1 74 
* 1
+1 1
+4 1
cfi=(42)
cfn=(232)
calls=1 322 
* 15 2 1
+5 8
2114 2
cfi=(30)
cfn=(198)
calls=1 890 
* 20 1
* 1
-12 1
+1 1
-3 2 1 1
-85 1
+11 1
-7 1
-4 1
+4 3
+4 2
+3 1 1 1
1633 5
+1 1
-1 3
+4 3
+1 1
+1 2 1
+1 2 1 1
+32 2
1237 3

fn=(98)
664 14

fn=(150)
529 2
+2 4
cfi=(44)
cfn=(152)
calls=1 380 
* 4451 625 139 26 5
* 2 1 1
+4 2

fn=(50)
704 12

fn=(158)
589 1
+6 1
-6 1
+2 2
+4 1 1
+10 4
cfi=(17)
cfn=(36)
calls=1 103 
* 89 8 5 2
* 1 0 0 1
+11 1
-5 1
-7 1
+6 1
+2 1
-1 1
+5 1 1 1
+2 1
-1 1
+1 12 6 1
+2 10 5 4
+4 1
+2 1
-2 2
-5 10
+9 3 1 1
+3 1
cfi=(30)
cfn=(160)
calls=1 138 
* 71 7 1
+7 1
cfi=(30)
cfn=(162)
calls=1 354 
* 439 301 15 4
+1 1
-1 1
+1 1 1 1
+6 1
+3 1
-3 1
+3 6 1 1
+3 1
+2 1
+1 2

fn=(2)
353 9
+18 4
fi=(5)
59 1
fe=(2)
371 1
fi=(3)
45 1
fi=(5)
+14 2
fe=(2)
397 1
fi=(3)
45 1
fe=(2)
394 1
fi=(3)
45 1 1
+25 2
-3 1
-7 1
+5 1
+3 1
+2 1
-3 1
-3 1
-3 2
-13 26
+23 13
-26 39 13
+26 1
-26 3 1
+2 36 18 8
+13 20 5 1
+1 16
+10 4
-26 12 4 3
+33 2 1
+20 4 1
+1 4 1
+1 4 1
+1 4 1
+2 4 1
+5 4 1
+1 4 1
+1 4 1
+6 3 1
+5 2 1
+7 3 1
+1 3 1
+8 3 1 1
+2 3 1 1
+3 2 1
+1 2 1
fe=(2)
408 2 1 1
302 1
415 1
302 1
cfi=(6)
cfn=(10)
calls=1 956 
* 23 2
+1 2
+1 2
+1 2
+1 2
+8 1
+9 1
-9 3
+9 1
-6 1
-3 1
+9 1
cfi=(7)
cfn=(12)
calls=1 86 
* 111546 18786 1941 296 74
* 1
+9 1
+3 4
+4 1
-4 1
+4 1 1
440 9
fi=(3)
62 4 1 1
+3 4 1 1
fe=(2)
413 26 3
fi=(4)
84 1
+27 1
-28 1
+28 2 1
+1 2
fi=(5)
519 2 1
fi=(4)
112 18
fi=(5)
519 18 9
+1 20
fi=(4)
111 20
fi=(5)
520 10
fi=(4)
111 10 10 6
+5 2 1
+8 1
fi=(5)
314 1
fi=(4)
124 2 1
+12 1
+1 3
fi=(5)
268 1
fi=(4)
137 1
fi=(5)
296 1
fi=(4)
137 2
fi=(5)
296 1 1
fi=(4)
136 5
+1 15
fi=(5)
268 5
fi=(4)
137 5
fi=(5)
296 5
fi=(4)
137 10
fi=(5)
296 5 5
+9 12 6
+3 6
-3 12
+3 18 6
+6 36 6 0 6 1
fi=(3)
68 4 1
+2 3
fi=(5)
427 12
fi=(4)
124 19 6 4
fe=(2)

fl=(18)
fn=(46)
61 19
+2 19
+2 19 19 6
+3 16
+1 16 16 10
+2 6
+1 6
+2 6
+1 6
+5 6
+1 6 6 1
-1 10
+1 10 10 6
+2 8
+1 8
+2 8
+1 16
+5 8
+1 8 8 4
-1 8
+1 8 8 7
+2 4
+1 4
+2 4
+1 4
+5 4
+1 4 4 2
-1 12
+1 12 12 4
+2 10
+1 10
+2 10
+1 10
+5 10
+1 10 10 5
-1 6
+1 13 6 4
+5 7
+1 7
+1 7
+1 7
+2 7
+2 7
+1 7
+2 7 7
+8 16
+8 8
+6 8
+2 8
+1 8 8 5
+3 2
+1 6
+5 2
+1 2
+2 2
+2 2
+1 2
+2 2 2 2
-8 7
+1 7
+2 7
+2 7
+1 7
+2 11 7 5
+9 2
+1 2 2
-1 6
+1 6 6
+3 8
+1 8
+1 8 8 1
+5 10
+2 10
+1 10
+1 10
+1 10
+2 10
+1 10
+1 10
+1 10
+2 10
+1 10
+2 10 10 6
+2 3
+2 3
+1 3
+1 3
+1 3
+2 3
+1 3
+1 3
+1 3
+2 3
+1 3
+2 3 3 3
+5 8
+6 8
+1 8 8 5
+2 3

fl=(14)
fn=(30)
24 18
+1 18 18
+1 18
+1 18 18
+1 18
+1 18
+1 18
+1 18 18
+3 18
+1 18 18 11
+1 6
+1 6
+1 6
+1 6 6
+1 6
+1 6
+1 6 6 1
+2 17
+1 17 17 7
+1 5
+1 5
+1 5
+1 5 5
+1 5
+1 5
+1 5 5
+2 17
+1 17 17 9
+1 6
+1 6
+1 6
+1 6 6 3
+1 2
+1 2
+1 2 2
+2 13
+1 13 13 6
+1 7
+1 7
+1 7
+1 7 7 4
+5 6
+1 6
+1 6
+1 6
+1 6
+1 6
+1 6 6 3
+1 3
+1 3
+1 3
+1 3
+1 3
+7 3
+2 4
+4 11
+1 11 11 7
+1 2
+1 2
+1 2
+1 2
+1 2
+1 2
+1 2
+1 2
+1 2
+1 2
+1 2
+4 12
+1 12

fl=(10)
fn=(20)
46 2
+16 1
-16 4
+16 1
-16 1
+19 1
-3 1
+3 8 1 1
176 3 1
+1 1
+3 2 1
+1 1
+2 2 1
+1 7
+7 3 1
+4 2
+2 4 1 1
+41 2 1 1
+75 2 1 1
+11 1
+2 1
-1 1
+2 8
-85 4
+1 2 1
+3 1
+2 1
-2 3
+2 2
+3 2 1 1
-50 2 1
+1 1
+6 3 1
+2 1
+3 3 1
+16 2 1
+1 1
+2 2 1 1
+81 2 1
+1 2 1 1
+4 2
30 2
+4 1
-4 1
+5 1
-1 1
+2 1
-1 1
+1 1
-2 1
+1 1
+1 1
+1 1
-7 2
+3 1
+4 1 1
+5 1
+32 2
-32 1
+27 1
+5 1 1
+3 1
+1 7 1 0 1 1
+57 2
-66 2
+44 2 1 1
314 2 1 1

ob=(4)
fl=(56)
fn=(204)
25 1
+1 1
+1 1
+1 1 1 1
+2 1

fl=(64)
fn=(220)
25 1
+1 1
+1 1
+1 1 1 1
+2 1

fl=(77)
fn=(606) 0x0000000000005600
0 9 1 1

fn=(596)
0 8 2
cob=(2)
cfi=(16)
cfn=(602)
calls=1 0 
0 57 8 3 1 1
0 1
cfn=(606)
calls=1 0 
0 9 1 1
0 3

fn=(280)
0 17 2 1

fl=(55)
fn=(202)
12 8 2 1

fn=(226)
17 8 2 1

fl=(58)
fn=(208)
25 1
+1 1
+1 1
+1 1 1 1
+2 1

fl=(63)
fn=(218)
25 1
+1 1
+1 1
+1 1 1 1
+2 1

fl=(54)
fn=(200)
9 8 2 1

fl=(65)
fn=(224)
9 8 2 1

fl=(62)
fn=(222)
16 5 1

fn=(216)
10 5 1

fl=(57)
fn=(206)
25 1
+1 1
+1 1
+1 1 1 1
+2 1

fl=(60)
fn=(212)
9 8 2 1

fl=(59)
fn=(210)
8 5 1

fl=(61)
fn=(214)
25 1
+1 1
+1 1
+1 1 1 1
+2 1

ob=(6)
fl=(78)
fn=(316) 0x00000000004011e0
0 10 1 1

fn=(330)
0 8 1 1
cob=(3)
cfi=(47)
cfn=(338)
calls=1 30 
0 3
cob=(1)
cfi=(79)
cfn=(298)
calls=1 71 
0 1032 134 16 6 4
0 5 0 0 2 1
0 4
cob=(3)
cfi=(47)
cfn=(338)
calls=1 30 
0 3
0 1 0 0 1 1
0 3
cob=(3)
cfi=(88)
cfn=(344)
calls=1 39 
0 68979 15391 2518 49 21
cob=(1)
cfi=(79)
cfn=(298)
calls=1 71 
0 1029 137 11 5 3
0 5 0 0 2 1
0 7
cob=(3)
cfi=(47)
cfn=(338)
calls=1 30 
0 3
0 1 0 0 1
0 3
cob=(3)
cfi=(88)
cfn=(344)
calls=1 39 
0 1555 315 65 3
0 1 0 0 1 1
0 2
cob=(3)
cfi=(124)
cfn=(492)
calls=1 36 
0 3032 399 107 29 11
cob=(1)
cfi=(79)
cfn=(298)
calls=1 71 
0 1006 136 10 5 3
0 5 0 0 2 1
0 4
cob=(3)
cfi=(133)
cfn=(518)
calls=1 28 
0 2178 459 83 29 8
cob=(1)
cfi=(79)
cfn=(298)
calls=1 71 
0 1013 135 7 5 3
0 5 0 0 2 1
0 9
cob=(3)
cfi=(136)
cfn=(538)
calls=1 27 
0 1597 202 48 16 8
cob=(1)
cfi=(79)
cfn=(298)
calls=1 71 
0 972 131 7 4 2
0 5 0 0 2 1
0 10
cob=(3)
cfi=(138)
cfn=(546)
calls=1 583 
0 2678 447 56 5 2
cob=(1)
cfi=(79)
cfn=(298)
calls=1 71 
0 1021 137 7 5 2
0 5 0 0 2 1
0 31 1 1
cob=(3)
cfi=(133)
cfn=(518)
calls=1 28 
0 1715 355 93 12 5
0 1 0 0 1 1
0 15
cob=(3)
cfi=(133)
cfn=(518)
calls=1 28 
0 641 104 34 4
0 1 0 0 1
0 21
cob=(3)
cfi=(133)
cfn=(518)
calls=1 28 
0 629 99 27 4
0 1 0 0 1
0 17
cob=(3)
cfi=(133)
cfn=(518)
calls=1 28 
0 779 124 10 6
0 1 0 0 1
0 15
cob=(3)
cfi=(133)
cfn=(518)
calls=1 28 
0 641 104 10 4
0 1 0 0 1
0 21
cob=(3)
cfi=(133)
cfn=(518)
calls=1 28 
0 629 99 10 4
0 1 0 0 1
0 17
cob=(3)
cfi=(133)
cfn=(518)
calls=1 28 
0 768 121 3 6
0 1 0 0 1
0 15
cob=(3)
cfi=(133)
cfn=(518)
calls=1 28 
0 641 104 3 4
0 1 0 0 1
0 21
cob=(3)
cfi=(133)
cfn=(518)
calls=1 28 
0 640 102 0 4
0 1 0 0 1
0 17
cob=(3)
cfi=(133)
cfn=(518)
calls=1 28 
0 779 124 1 6
0 1 0 0 1
0 15
cob=(3)
cfi=(133)
cfn=(518)
calls=1 28 
0 641 104 1 4
0 1 0 0 1
0 21
cob=(3)
cfi=(133)
cfn=(518)
calls=1 28 
0 640 102 0 4
0 1 0 0 1
0 17
cob=(3)
cfi=(133)
cfn=(518)
calls=1 28 
0 779 124 1 6
0 1 0 0 1
0 6

fn=(562)
0 5 1
cfn=(566) 0x0000000000401140
calls=1 0 
0 4 1 1
0 3

fn=(566)
0 4 1 1

fn=(290)
0 11
cob=(3)
cfi=(81)
cfn=(304)
calls=1 134 
0 97728 19930 3224 275 99
cob=(1)
cfi=(79)
cfn=(298)
calls=1 71 
0 1077 143 14 5 2
0 5 0 0 2 2

fn=(310)
0 15
cob=(2)
cfi=(16)
cfn=(312)
calls=1 0 
0 6 1 1
0 8 1 0 1 1
cfn=(316)
calls=1 0 
0 10 1 1
0 4 0 0 1 1
cfi=(83) /build/gcc-9-SATzbE/gcc-9-9.4.0/build/x86_64-linux-gnu/libgcc/../../../src/libgcc/config/i386/crtfastmath.c
cfn=(322) set_fast_math
calls=1 94 
0 4
0 14 2 1

fl=(83)
fn=(322)
94 1
+2 2
+2 1

totals: 212733 39309 5298 592 186
