# callgrind format
version: 1
creator: callgrind-3.20.0.GIT
pid: 7474
cmd:  ./date_ex
part: 1


desc: I1 cache: 
desc: D1 cache: 
desc: LL cache: 

desc: Timerange: Basic block 0 - 46282
desc: Trigger: Program termination

positions: line
events: Ir Bc Bcm Bi Bim
summary: 217765 40168 5506 634 221


ob=(2) ???
fl=(16) ???
fn=(574) 0x0000000000401674
0 3

fn=(354) 0x0000000004d508a8
0 9 0 0 9 1
cob=(3) /lib/x86_64-linux-gnu/libc-2.23.so
cfi=(92) /build/glibc-S7Ft5T/glibc-2.23/malloc/malloc.c
cfn=(356) free
calls=9 2941 
0 566 113 44

fn=(614) 0x0000000004a9ed2c
0 3

fn=(278) 0x0000000004a2d428
0 6 1 1

fn=(604) 0x0000000004a2d5f8
0 1 0 0 1 1
cob=(3)
cfi=(142) /build/glibc-S7Ft5T/glibc-2.23/stdlib/cxa_finalize.c
cfn=(584) __cxa_finalize
calls=1 31 
0 56 8 3

fn=(314) 0x0000000000401000
0 6 1 1

fn=(582) 0x0000000004027030
0 1 0 0 1 1
cob=(3)
cfi=(142)
cfn=(584)
calls=1 31 
0 56 8 3

fn=(596) 0x00000000040272b8
0 3

fn=(360) 0x0000000004d508a0
0 11 0 0 11 2
cob=(3)
cfi=(92)
cfn=(362) malloc
calls=11 2909 
0 61421 13807 2207 11 10

fn=(84) 0x0000000004000ab0
0 4 0 0 4 1
cob=(1) /lib/x86_64-linux-gnu/ld-2.23.so
cfi=(17) /build/glibc-S7Ft5T/glibc-2.23/elf/dl-minimal.c
cfn=(86) free
calls=4 120 
0 44 7 1

fn=(244) 0x0000000004027000
0 6 1 1

ob=(3)
fl=(115) /build/glibc-S7Ft5T/glibc-2.23/misc/../sysdeps/unix/syscall-template.S
fn=(456) lseek
84 4 1
+1 1

fl=(139) /build/glibc-S7Ft5T/glibc-2.23/stdlib/exit.c
fn=(556) exit
104 1
-1 1
+1 2
cfn=(558) __run_exit_handlers
calls=1 -69 
* 1148 218 85 14 14

fn=(558)
35 8
+5 1
cfi=(140) /build/glibc-S7Ft5T/glibc-2.23/stdlib/cxa_thread_atexit_impl.c
cfn=(560) __call_tls_dtors
calls=1 145 
* 11 1 1
* 1
+6 8 1
+4 6 2 1
+3 1
-1 1
+2 5 2 1
+33 1
+1 1
-1 1
+1 1 1
+6 2 1
+1 5 1 0 1 1
cfi=(104) /build/glibc-S7Ft5T/glibc-2.23/libio/genops.c
cfn=(616) _IO_cleanup
calls=1 948 
* 248 50 27 2 2
* 3 1
+2 2
cfi=(144) /build/glibc-S7Ft5T/glibc-2.23/posix/../sysdeps/unix/sysv/linux/_exit.c
cfn=(626) _Exit
calls=1 -70 
* 5
-19 1
+4 1
-4 1
+2 1
+2 1
-2 2
+2 1 0 0 1 1
cob=(1)
cfi=(141) /build/glibc-S7Ft5T/glibc-2.23/elf/dl-fini.c
cfn=(562) _dl_fini
calls=1 +48 
* 828 158 55 10 10
+1 1

fl=(46) /build/glibc-S7Ft5T/glibc-2.23/string/../sysdeps/x86_64/multiarch/strcmp.S
fn=(188) strncasecmp
129 1
+1 1
+1 1
+1 1 1 1
+10 1

fn=(178) strcasecmp
109 1
+1 1
+1 1
+1 1 1 1
+10 1

fl=(140)
fn=(560)
145 3
+1 4 1 1
+18 4

fl=(103) /build/glibc-S7Ft5T/glibc-2.23/libio/iofopen.c
fn=(414) __fopen_maybe_mmap
41 1
-2 1
+2 1 1 1
+15 1

fn=(398) __fopen_internal
61 6
+8 1
-8 2
+8 1
cob=(2)
cfi=(16)
cfn=(360)
calls=1 -69 
* 185 29 13 1
+2 3 1
+3 1
+3 4
-3 1
+3 2
cfi=(104)
cfn=(400) _IO_no_init
calls=1 599 
* 58 2
+4 1
+1 1
-1 1
+1 1
cfi=(105) /build/glibc-S7Ft5T/glibc-2.23/libio/fileops.c
cfn=(404) _IO_file_init@@GLIBC_2.2.5
calls=1 +62 
* 94 17 8
+4 5
cfi=(105)
cfn=(408) _IO_file_fopen@@GLIBC_2.2.5
calls=1 249 
* 156 26 8
* 1
+1 1
-1 1 1
+6 5
-5 1
cfn=(414)
calls=1 -46 
* 4 1 1

fn=(396) fopen@@GLIBC_2.2.5
97 2
cfn=(398)
calls=1 -36 
* 536 77 30 1

fl=(130) /build/glibc-S7Ft5T/glibc-2.23/stdio-common/printf-parse.h
fn=(508) read_int
73 8
+12 8
-12 16
+2 56 8 5
+18 8

fl=(76) /build/glibc-S7Ft5T/glibc-2.23/elf/dl-altinit.c
fn=(276) dlinit_alt
33 3 1 1
+1 1

fl=(93) /build/glibc-S7Ft5T/glibc-2.23/string/strdup.c
fn=(358) strdup
40 12
+1 3
cfi=(91) /build/glibc-S7Ft5T/glibc-2.23/string/../sysdeps/x86_64/strlen.S
cfn=(352) strlen
calls=3 +25 
* 48 6
* 3
+1 6
cob=(2)
cfi=(16)
cfn=(360)
calls=3 -42 
* 59568 13479 2090 14 12
+2 6 3
+4 3
-1 6
+1 6
-1 6
cfi=(101) /build/glibc-S7Ft5T/glibc-2.23/string/../sysdeps/x86_64/multiarch/../memcpy.S
cfn=(392) __GI_memcpy
calls=3 +14 
* 93 18 7

fl=(50) /build/glibc-S7Ft5T/glibc-2.23/string/../sysdeps/x86_64/multiarch/strcspn.S
fn=(190) strpbrk
45 1
+1 1
+1 1
+1 1 1
+1 1
+1 1

fn=(186) strcspn
45 1
+1 1
+1 1
+1 1 1
+1 1
+1 1

fl=(116) /build/glibc-S7Ft5T/glibc-2.23/libio/ftello.c
fn=(458) ftello
35 1
+3 1
-3 1
+3 2 1 1
+1 5
cfi=(114) /build/glibc-S7Ft5T/glibc-2.23/libio/ioseekoff.c
cfn=(448) _IO_seekoff_unlocked
calls=1 +1 
* 47 8 4 1
* 1
+1 3 1 1
+22 2
fi=(117) /build/glibc-S7Ft5T/glibc-2.23/libio/../libio/libioP.h
866 2 1
fe=(116)
46 3 1 1

fl=(92)
fn=(356)
2941 45
+5 18
+1 18 9 1
+6 18 9 5
+5 4
-2 4
+2 8 4
+16 12 4 4
+1 8
cfn=(472) _int_free
calls=4 3848 
* 377 87 34
+1 54

fn=(472)
3848 36
+13 4
-13 4
+13 8
+6 16 4
+1 8 4
+11 16 8
+13 8 4 3
+11 8 2
+1 6 2
1893 2
3928 2
1893 4 2
3930 6 2 2
+1 4
+4 2
-4 2
+1 2
+9 14 2
+9 8 2 2
+2 2
+2 12 4 4
4112 32
3967 4 2
+1 6 2 2
+15 4 2 2
+8 6 2
+6 4
+1 4 2
+1 4 2
1893 6 2
4008 4 2 2
+7 4 2
+5 4 2 1
+1 15 4 1
+1 1
+11 1
-1 1
+2 2 1
-1 1
-1 1
+2 2 1
+7 2
-2 2
+1 2
+1 2 2
+2 2
+1 2
+2 2
+1 2
+2 6
+1 2
+30 4 2 2
3969 10 4 3
+8 2
-4 2
+4 6 2
-7 4
4100 6 2
+1 6 2 1
+1 10 4 4
3956 8 4 2
+68 2
-3 3 1 1
-38 10 2 2

fn=(384) sysmalloc
2275 8
+20 1
+11 1
-11 1
+11 1 1
+1 5 1
fi=(95) /build/glibc-S7Ft5T/glibc-2.23/malloc/arena.c
488 3
fe=(92)
2322 5
+65 1
+1 3
+10 1
-9 1
+9 5 2
+6 4 1
+3 3 1 1
2730 2 1
+1 1
+8 4 1
+5 1
-3 1
+3 1
-2 1
+2 3
+1 1
-1 1
-1 1
+4 1
-3 2
+1 1
+8 9
2470 1
-8 4
+8 1 1 1
+21 5 0 0 1 1
cfi=(98) /build/glibc-S7Ft5T/glibc-2.23/malloc/morecore.c
cfn=(386) __default_morecore
calls=1 46 
* 62 10 2
* 1
+1 1
+3 4 1 1
+3 2
+1 2 1
+20 2
+26 2 1 1
+2 2
+6 1
-6 1
+6 1 1 1
2328 1
2471 1
+10 5
+8 1
-8 1
+8 1 1 1
+67 7 3
+37 2 1 1
+6 3 1 1
+19 1
+3 2
+1 5
+2 1
-2 1
+2 1 1
+1 3 0 0 1 1
cfi=(98)
cfn=(386)
calls=1 46 
* 25 3 1
+12 2 1
+8 1
+1 1
-1 2
+1 2 1
+39 1
+1 1
-2 1
+1 3
+12 1
-12 1
+1 1
+11 1 1 1
2546 5

fn=(380) _int_malloc
3326 55
+30 11
-30 22
+30 99 33
+4 44 11
+14 22 11 5
+2 18
+2 6
-1 6
-1 6
+1 6
+5 12 6 4
+3 10 2 2
+1 2
-1 2
+1 4 2 2
+25 18 9 2
+2 18
+1 18
+2 6
-2 6
+2 12 6 3
+2 2 1
+37 18 4 2
+1 6 3 2
+1 4
cfn=(382) malloc_consolidate
calls=2 4151 
* 764 161 19
3826 126
-2 9
+2 9
-2 9
+2 18
5016 9
3824 9
+2 9
5018 9
3826 9
5018 9
3826 27
5018 18
3826 36
5016 18
3476 18
+67 2
+51 10
+7 2
-6 2
+1 2
+1 2
+1 2
+3 2 2
3476 33 11 5
+3 5
-1 5
+1 10 5
+1 10 5 1
+3 5
+10 18 9 3
+34 2
-5 2
+1 2
+4 2 2
+13 4 2
+8 8 2 1
+1 8
+1 2
+3 4 2 2
3389 10 2
1886 4
3777 4
1886 8 4
3840 99
3548 14 2
-54 8 4 2
+1 12 3
+5 3
-1 3
+5 3
-3 6
+1 3
+1 6
+1 3 3
+2 3
+1 3
+3 24
+2 9
+1 3
+3 3
1886 9 3 2
3591 8
+19 12 6 3
+73 12
+1 12
+1 12
+1 12
+1 12
+5 12 6 6
+16 7
+2 14 7
-4 18 9 7
+8 2
+3 4 2 2
-21 18 6 1
+3 20 5 1
-3 12 4 1
+3 12 3
-3 6 3 2
+3 6 2 1
3799 4
+3 4
-2 8
+2 8 4 3
+17 2 1 1
3612 9
+3 3
-3 3
+3 9 3 3
3455 6
1886 4 1 1
3455 1
3699 3
+2 2
+1 2
-1 2
+1 2
-3 3
+27 4
+3 4 2
+5 2
-3 4
+3 34 10 1
+3 4 2
+15 2
+1 4 2
-6 2
+17 2
-6 2
+1 2
+1 2
+1 2
+3 2 2 1
+1 1
+1 4 2
+2 2
+1 2
+2 16
+2 6
+1 4
+60 3
cfn=(384)
calls=1 2275 
* 249 36 12 2 2
+1 2 1 1
-28 3
-3 3
+1 3
+2 3
-1 3
+1 6
+2 3
-2 12
+2 3
+3 3
1886 9 3 3
3734 24 6

fn=(362)
2909 33
+5 22
+1 22 11 1
+3 80 20 9
+2 30
cfn=(380)
calls=10 3326 
* 1606 252 79
+3 10
-3 10
+3 10 10 2
+8 40 20 17
+2 110 40 6
+3 40
-18 60 20 18
-2 1
+20 3
-20 1 0 0 1 1
cfi=(94) /build/glibc-S7Ft5T/glibc-2.23/malloc/hooks.c
cfn=(364) malloc_hook_ini
calls=1 29 
* 59343 13434 2075 10 9

fn=(382)
4151 4 2 1
-22 8
+23 3 1 1
+12 1
5016 1
4154 1
+11 1
-1 1
5018 1
-2 1
+2 5
4167 2 1
+1 2 1 1
-1 18 9
+1 18 9 2
+50 40 10 5
+6 8
5010 4
1815 3
-3 2 1 1
+3 378
-3 252 126 7
+7 3 1 1
+5 1
+2 1
-2 2
-1 3

fl=(119) /build/glibc-S7Ft5T/glibc-2.23/libio/iofclose.c
fn=(464) fclose@@GLIBC_2.2.5
39 3
+14 1
-14 1
+14 2 1 1
+9 4 0 0 1 1
cfi=(105)
cfn=(476) _IO_file_finish@@GLIBC_2.2.5
calls=1 200 
* 27 5 4
+1 3 1 1
+18 6 3
+3 2
cob=(2)
cfi=(16)
cfn=(354)
calls=1 -84 
* 150 35 14 1
+4 5
-34 1
cfi=(104)
cfn=(466) _IO_un_link
calls=1 +6 
* 61 13 8
+2 5 1 1
+1 2 1
+1 2
cfi=(105)
cfn=(468) _IO_file_close_it@@GLIBC_2.2.5
calls=1 160 
* 226 40 19 2 1
* 3
fi=(120) /build/glibc-S7Ft5T/glibc-2.23/libio/libioP.h
866 2 1
+1 3 1 1
fe=(119)
78 2 1 1

fl=(95)
fn=(368) ptmalloc_init.part.5
258 6
+13 1
-8 1
+8 1 1 1
+6 3
+2 5 1
+16 2
-56 67
-18 204 68 1
+2 134 67 6
+1 4 2
+1 4 2 2
340 2 1 1
+6 2
+1 2 1 1
+2 1
+1 7
-78 5
cfi=(96) /build/glibc-S7Ft5T/glibc-2.23/elf/dl-addr.c
cfn=(370) _dl_addr
calls=1 126 
* 57796 13090 2027 8 7
* 2 1
+1 4 1

fl=(47) /build/glibc-S7Ft5T/glibc-2.23/time/../sysdeps/unix/sysv/linux/x86/time.c
fn=(180) time
38 2
-1 2
+1 12
fi=(48) /build/glibc-S7Ft5T/glibc-2.23/time/../sysdeps/generic/dl-hash.h
+10 6
+14 8
-17 6 2 2
+3 18
+14 24
-17 18 6 4
fe=(47)
-7 6 2
+3 4
-3 2
+3 2
cfi=(49) /build/glibc-S7Ft5T/glibc-2.23/elf/../sysdeps/unix/sysv/linux/dl-vdso.c
cfn=(184) _dl_vdso_vsym
calls=2 -14 
* 12 2 2
+1 6
+1 4

fn=(340) __time_syscall
30 6
+1 3

fl=(129) /build/glibc-S7Ft5T/glibc-2.23/string/../sysdeps/x86_64/strchr.S
fn=(504) strchrnul
24 42
+1 42
+1 42
+1 42
+1 42
+1 42
+1 42
+1 42 42
+1 42
+1 42
+1 42
+1 42
+1 42
+1 42
+1 42
+1 42
+1 42 42 2
+1 40
+2 40
+7 40
+4 2
+1 2
+1 2
+1 2
+1 2
+1 2
+1 2
+1 2
+1 2
+1 2
+1 2
+1 2
+1 2
+1 2
+1 2
+1 2
+1 2
+1 2
+1 2
+1 2
+1 2
+1 2
+1 2
+1 2 2 2
+52 2
+2 2
+7 2

fl=(52) /build/glibc-S7Ft5T/glibc-2.23/time/../sysdeps/unix/sysv/linux/x86/gettimeofday.c
fn=(194) gettimeofday
37 1
-1 1
+1 6
fi=(48)
+11 3
+14 4
-17 3 1 1
+3 9
+14 12
-17 9 3 2
fe=(52)
-8 3 1
+3 2
-3 1
+3 1
cfi=(49)
cfn=(184)
calls=1 -13 
* 6 1 1
+1 3
+1 2

fl=(108) /build/glibc-S7Ft5T/glibc-2.23/io/../sysdeps/unix/sysv/linux/wordsize-64/fxstat.c
fn=(418) _fxstat
34 3
-1 3
+1 3 3
+1 18 3
+4 3

fl=(121) /build/glibc-S7Ft5T/glibc-2.23/string/../sysdeps/x86_64/multiarch/../strcmp.S
fn=(484) __GI_strcmp
144 4
+1 4
+2 4
+1 4
+21 4
+1 4 4
+1 4
+1 4 4
+1 4
+1 4
+1 4
+1 4
+21 4
+1 4
+1 4
+1 4
+1 4
+1 4
+1 4 4 2
2211 4
+6 4
+1 4
+8 4
+1 4

fl=(132) /build/glibc-S7Ft5T/glibc-2.23/libio/iopadn.c
fn=(514) _IO_padn
37 6
+8 3
-8 12
+7 6 3 1
+2 2
+1 2
-1 2 2 2
+8 15 3
+8 6 3
+2 15 0 0 3 1
cfi=(104)
cfn=(506) _IO_default_xsputn
calls=3 425 
* 134 19 2
+4 3
-3 3
+3 18

fl=(84) /build/glibc-S7Ft5T/glibc-2.23/setjmp/../sysdeps/x86_64/bsd-_setjmp.S
fn=(326) _setjmp
30 1
+2 1
cfi=(85) /build/glibc-S7Ft5T/glibc-2.23/setjmp/../sysdeps/x86_64/setjmp.S
cfn=(328) __sigsetjmp
calls=1 -6 
* 28 1 1

fl=(91)
fn=(510) strnlen
52 2
+1 2 2 2
+7 2
+1 2
+1 2
+1 2
+3 2
+1 2
+1 2
+1 2
+1 2
+1 2
+1 2
+2 2
+2 2 2
+26 2
+1 28
+29 14 2
+11 2
+1 2
+1 2
+1 2 2
+1 2
+1 2

fn=(352)
66 24
+1 24
+1 24
+1 24
+1 24
+1 24
+1 24
+2 24
+2 24 24
+30 24
+1 24
+1 24
+1 24
+1 24 24
+1 24
+1 24

fl=(135) /build/glibc-S7Ft5T/glibc-2.23/io/../sysdeps/unix/syscall-template.S
fn=(532) write
84 12 6
cfn=(534) __write_nocancel
calls=6 * 
* 30 6

fn=(534)
84 30 6

fl=(51) /build/glibc-S7Ft5T/glibc-2.23/string/../sysdeps/x86_64/multiarch/strspn.S
fn=(192) strspn
30 1
+1 1
+1 1
+1 1 1
+1 1
+1 1

fl=(85)
fn=(328)
26 1
+9 1
+1 2
+1 1
+4 1
+1 1
+1 1
+1 1
+1 1
+2 2
+2 1
+1 1
+1 1
+2 2
+2 1
+9 1
cfi=(86) /build/glibc-S7Ft5T/glibc-2.23/setjmp/sigjmp.c
cfn=(330) __sigjmp_save
calls=1 -36 
* 9 1 1

fl=(89) /build/glibc-S7Ft5T/glibc-2.23/time/tzset.c
fn=(348) __tz_convert
610 8 4
-4 8
+10 4
-10 24
+10 4
-10 4
+10 16 8 7
+5 16 6 2
407 2
-3 2
+3 2
cfi=(90) /build/glibc-S7Ft5T/glibc-2.23/stdlib/getenv.c
cfn=(350) getenv
calls=2 34 
* 904 280 17
+7 2
-7 2
+7 2 2 2
+23 2
-4 2
+1 2
+3 2
cob=(2)
cfi=(16)
cfn=(354)
calls=2 0 
* 119 21 8 2 1
+1 4
cfi=(93)
cfn=(358)
calls=2 40 
* 59590 13475 2090 13 11
+3 6
-3 2
+3 2
cfi=(102) /build/glibc-S7Ft5T/glibc-2.23/time/tzfile.c
cfn=(394) __tzfile_read
calls=2 104 
* 8397 1704 395 36 9
+1 6 2 2
+17 2
623 4 2
+1 24
cfi=(102)
cfn=(482) __tzfile_compute
calls=4 +19 
* 1746 324 52
+12 16 8 4
+2 8 4
+2 12 4
+7 16
cfi=(122) /build/glibc-S7Ft5T/glibc-2.23/time/offtime.c
cfn=(486) __offtime
calls=4 30 
* 956 78 26
* 8 4 1
+1 8
+6 32
402 8 2
+23 2
+6 4

fn=(550) tzset
586 2
+1 2
-1 1
+1 4 2 2
407 1
-3 1
+3 1
cfi=(90)
cfn=(350)
calls=1 34 
* 452 140 4
+7 2 1 1
+23 1
-4 1
+1 1
+3 1
cob=(2)
cfi=(16)
cfn=(354)
calls=1 0 
* 101 19 6 1
+1 2
cfi=(93)
cfn=(358)
calls=1 40 
* 170 31 7 1 1
+3 3
-3 1
+3 1
cfi=(102)
cfn=(394)
calls=1 104 
* 82 13 2 1
+1 3 1 1
598 4 2 2
+1 4
425 1
+6 2

fn=(480) __tzstring
128 108
+1 18
cfi=(91)
cfn=(352)
calls=18 -63 
* 288 36
-32 18
+32 18
-32 75 18 9
+1 165 55 15
+2 39
+1 78
-1 39
+1 78
cfi=(111) /build/glibc-S7Ft5T/glibc-2.23/string/../sysdeps/x86_64/multiarch/../memcmp.S
cfn=(442) __GI_memcmp
calls=39 -77 
* 937 293 35
* 78 39 4
-4 123 41 14
+9 6
cob=(2)
cfi=(16)
cfn=(360)
calls=3 0 
* 555 87 23 3
+1 3
-1 3
+1 3 3
+5 3
-2 3
+1 3
+1 12
cfi=(101)
cfn=(392)
calls=3 -51 
* 64 18 6
+1 3
+3 6
+14 18
-24 2
cob=(2)
cfi=(16)
cfn=(360)
calls=1 0 
* 332 65 22 1
+1 1
-1 1
+1 1 1
+5 1
-2 1
+1 1
+1 4
cfi=(101)
cfn=(392)
calls=1 -51 
* 23 6 2
+1 1
+5 1
+12 1
-12 1
+12 19
-12 14
+12 70

fl=(138) /build/glibc-S7Ft5T/glibc-2.23/time/mktime.c
fn=(548) mktime
583 2
+5 1
cfi=(89)
cfn=(550)
calls=1 -2 
* 844 209 25 3 1
+3 3
+1 1
-1 1
cfn=(552) __mktime_internal
calls=1 353 
* 1826 238 31 2 1

fn=(552)
353 9
+16 1
+2 1
-18 1
+24 1
-12 1
+3 1
-15 1
+18 1
+6 1
-11 1
+11 2
-12 1
+12 1
-10 1
+10 8
+4 1
-3 2
+3 5
152 4 1 1
391 7
+3 1
-3 1
+3 5
+2 3
+8 3 1
+2 2
+1 1
-1 1 1 1
207 2
+2 1
476 4
207 7
+2 12
+2 1
-2 2
+2 3
+9 3
+1 3
+1 26
476 4
+5 2 1 1
+15 2 1
-16 9
310 3 0 0 1
cfi=(88) /build/glibc-S7Ft5T/glibc-2.23/time/localtime.c
cfn=(554) localtime_r
calls=1 29 
* 741 112 11
* 3 0 0 1 1
cfi=(88)
cfn=(554)
calls=1 29 
* 741 112 13
+2 2
-2 4
+2 2 2
-26 2
-78 2
+2 2
-2 12
+2 22
+12 2
-12 4
+12 68
+24 2
+43 10 2
+1 2
476 4 2 1
185 1
501 1
185 7 1 1
551 5
+2 4 1 1
+16 15
+1 1
-89 2 1 1
+90 9
405 1
+1 3

fl=(99) /build/glibc-S7Ft5T/glibc-2.23/misc/sbrk.c
fn=(388) sbrk
34 2
+8 2
-8 6
+8 9 3 1
+4 4 2 1
+4 6 2 1
+12 5
-19 2
cfi=(100) /build/glibc-S7Ft5T/glibc-2.23/misc/../sysdeps/unix/sysv/linux/x86_64/brk.c
cfn=(390) brk
calls=1 -12 
* 12 2
* 4 1
+15 2
cfi=(100)
cfn=(390)
calls=1 -27 
* 12 2
* 2 1
+4 5

fl=(104)
fn=(432) _IO_setb
380 15
+1 22 6 5
+3 5
+2 20
-3 5
+3 10
+3 18
-7 1
cob=(2)
cfi=(16)
cfn=(354)
calls=1 0 
* 133 30 12 1
* 5

fn=(478) _IO_default_finish
639 4
+2 3 1 1
+6 3 1 1
+3 3 1 1
60 2 1
662 4

fn=(616)
948 2
+3 1
-3 2
-50 1
+50 1
+3 1
cfn=(618) _IO_flush_all_lockp
calls=1 760 
* 90 22 15
-63 1
+63 1
-63 2 1 1
+10 3
+8 5 2
+2 2
+2 1
+1 1
-1 1
+2 2
+3 5 0 0 1 1
cfi=(105)
cfn=(620) _IO_file_setbuf@@GLIBC_2.2.5
calls=1 450 
* 66 7 3 1 1
+2 3 1 1
+4 2 1
+7 3
-40 9 3 1
+2 6 3 2
+2 7 2 1
+6 12 4 2
+65 7
-42 3 1
+1 8 3 1

fn=(622) _IO_default_setbuf
522 4
+1 1
-1 2
+1 1 0 0 1 1
cfi=(105)
cfn=(624) _IO_file_sync@@GLIBC_2.2.5
calls=1 868 
* 13 2 1
* 2 1
+9 1
-7 1
+7 1
-7 1 1 1
388 1
-5 1
+1 1
+4 1
535 1
+2 1
-2 2
+1 3
+2 4
381 1
527 1
+1 1
-1 1
+1 1
381 4 2 1

fn=(422) _IO_sgetn
467 39 0 0 13 1
cfi=(105)
cfn=(424) _IO_file_xsgetn
calls=13 1360 
* 1463 383 97 7 4

fn=(406) _IO_link_in
98 6 2 1
-1 2
+3 2
-3 1
+5 1
-2 1
+2 5 1
+1 10 3 2
+2 1
-2 1
+1 1
+1 1
-2 1
+2 1
-2 1
+2 13 4 1
+2 1
-2 1
+4 1
+2 1
-3 1
-1 1
+4 7 2 1
+2 1
-1 1
+1 8 3 2
+1 2 1
+3 5
-6 7 2 2

fn=(452) _IO_unsave_markers
1049 2
-2 2
+2 2 2 2
+19 6 2 2
+2 2

fn=(466)
60 4 2 1
-1 4
+5 6 1
+1 10 3 2
+2 1
-2 1
+1 1
+1 1
-2 1
+2 1
-2 1
+2 1 1 1
+4 2 1 1
+13 1
+2 1
-2 1
+2 1 1 1
+2 1
-1 1
+1 8 3 2
+1 2 1
+3 5
-6 2
-17 3 1 1
+4 1
+1 1
-1 2

fn=(618)
760 8
+6 3 1 1
+11 2
+16 2
-17 2
-1 2
+1 3 2 2
-1 1
+1 1 1 1
+3 9 3 3
+10 6 3 3
+4 3
-2 3
+2 6 3
+7 3
-27 6 3 2
+31 2 1 1
+2 2 1 1
+4 9
-38 1
-6 1
+5 1
+2 2 1 1
+6 12 3

fn=(402) _IO_old_init
586 3
-16 3
+1 3
+15 3
+5 3
-21 3
+2 3
+1 3
+1 3
+17 3
-16 3
+1 3
+1 3
+1 3
+1 3
+1 3
+2 3
+1 3
+1 3
+1 3
+6 3 3 1
+1 6

fn=(426) _IO_doallocbuf
395 4 2 2
-1 6
+3 8 2 2
+1 6 0 0 2 1
cfi=(110) /build/glibc-S7Ft5T/glibc-2.23/libio/filedoalloc.c
cfn=(428) _IO_file_doallocate
calls=2 95 
* 754 135 50 4 1
* 4 2
+3 8

fn=(506)
425 52 26 5
-3 220
+8 164 41 3
+2 63
+3 42 21
+10 63 21 1
+5 63
-1 42 21 4
+1 42
-1 28 14 7
+2 63
+2 21
+2 177 41 7 19 1
cfi=(105)
cfn=(524) _IO_file_overflow@@GLIBC_2.2.5
calls=19 808 
* 627 152 1
* 38 19
+2 19
-2 38
+4 22
+1 22
-1 22
+1 118

fn=(400)
599 27
+1 3
cfn=(402)
calls=3 -14 
* 69 3 1
+3 3
-2 3
+2 3 3 2
+2 1
+1 1
+1 1
+1 1
+1 1
+1 1
+1 1
+1 1
+1 1
+1 1
+1 1
+1 1
+2 1
+7 1
+1 6
-1 2
+1 12
-3 4

fn=(438) _IO_switch_to_get_mode
176 4
-1 4
+1 2 2
+3 6 2
+5 2
-1 4
+1 2 2 2
+7 2
-4 2
+2 4
+2 2
+1 2
+1 4

fn=(434) __underflow
316 2
+2 7 2 1
+6 12 2
+3 4 2 1
+2 4 2
+6 4 2 2
+7 4
+1 2
-1 4 0 0 2 1
cfi=(105)
cfn=(436) _IO_file_underflow@@GLIBC_2.2.5
calls=2 539 
* 138 22 5 2 1
-24 2 1 1
+22 6 2 2

fl=(86)
fn=(330)
28 1
+1 1
-1 2
+1 2 1 1
+5 3

fl=(73) /build/glibc-S7Ft5T/glibc-2.23/ctype/ctype-info.c
fn=(266) __ctype_init
31 5
+2 1
+2 1
-4 1
+4 1
-4 1
+2 3
+2 3

fl=(100)
fn=(390)
31 16 2
+8 2
-6 4 2
+7 2

fl=(134) /build/glibc-S7Ft5T/glibc-2.23/string/../sysdeps/x86_64/memcpy.S
fn=(528) __GI_mempcpy
61 44
+4 44 44
+3 44
+1 44 44 6
+2 37
+1 37
+2 37
+1 37
+5 37
+1 37 37 4
-1 7
+1 7 7 2
+2 13
+1 13
+2 13
+1 13
+5 13
+1 13 13 4
-1 31
+1 31 31 2
+2 6
+1 6
+2 6
+1 6
+5 6
+1 6 6 2
-1 38
+1 38 38 7
+2 4
+1 4
+2 4
+1 8
+5 4
+1 4 4 3
-1 40
+1 42 40 10
+5 2
+1 2
+1 2
+1 2
+2 2
+2 2
+1 2
+2 2 2
+6 44
+4 44

fl=(53) /build/glibc-S7Ft5T/glibc-2.23/string/../sysdeps/x86_64/multiarch/memmove.c
fn=(198) memcpy@GLIBC_2.2.5
54 11 2 1

fl=(96)
fn=(370)
126 9
+5 1
-5 2
+5 2 0 0 1 1
cob=(1)
cfi=(2) /build/glibc-S7Ft5T/glibc-2.23/elf/rtld.c
cfn=(50) rtld_lock_default_lock_recursive
calls=1 704 
* 2
+2 2
cob=(1)
cfi=(97) /build/glibc-S7Ft5T/glibc-2.23/elf/dl-open.c
cfn=(378) _dl_find_dso_for_object
calls=1 +49 
* 39 15 7
cob=(1)
cfi=(79) /build/glibc-S7Ft5T/glibc-2.23/elf/../sysdeps/x86_64/dl-trampoline.h
cfn=(300) _dl_runtime_resolve_xsave
calls=1 -62 
* 1278 171 10 4 3
* 5 0 0 2 2
+2 2 1
30 1
+1 1
-1 1
+1 1
+3 2 1
+5 1
+6 1
-7 1
+2 2
+2 1
-2 1
+2 1
+3 1 1
+5 8 1
+2 1
+1 2 1 1
-1 1010
+1 2020 1010 112
+2 3628
+9 2010 670 31
+7 24
-2 24
+2 2259 24 11
-2 2211
+2 5750 2211 1018
-10 11175 2235 22
+2 8940 2235 3
+1 14318 3500 790
+7 1011
-21 2022 1011 20
+49 3 1
+1 1
+1 3 1 1
+3 2 1 1
+37 2 0 0 1 1
cob=(1)
cfi=(2)
cfn=(52) rtld_lock_default_unlock_recursive
calls=1 710 
* 2
+3 9
-28 1
+1 1
+21 2

fl=(122)
fn=(486)
30 20
+4 36
+1 8
+2 8 4 2
+10 32
+1 8
+1 32
+1 8
-1 4
+1 4
+2 4
-2 4
+2 4
-2 4
+2 32
+1 12 4
+1 4
+1 4
+5 4
+3 4
-3 4
+3 60
+3 324
+3 4
-3 12
-6 64 24 6
+11 4
+1 4
-1 4
+1 12 4 2
-30 12 4
+37 8
-1 4
+1 24 4 2
+1 140 34 14
+4 4
-1 4
+2 4
-1 4
+2 4
-2 4
+2 16

fl=(123) /build/glibc-S7Ft5T/glibc-2.23/io/../sysdeps/unix/sysv/linux/wordsize-64/xstat.c
fn=(488) _xstat
34 2
-1 2
+1 2 2
+1 12 2
+4 2

fl=(113) /build/glibc-S7Ft5T/glibc-2.23/libio/fseek.c
fn=(446) fseek
32 1
+3 1
-3 2
+3 2 1 1
+1 4
cfi=(114)
cfn=(448)
calls=1 +4 
* 91 15 8 2 2
* 4
fi=(120)
866 2 1
fe=(113)
39 3

fl=(124) /build/glibc-S7Ft5T/glibc-2.23/time/asctime.c
fn=(494) asctime
36 2 1
+50 1
-37 3 1
+10 1
-3 12 1
+1 1
-1 12 1 1
cfi=(125) /build/glibc-S7Ft5T/glibc-2.23/stdio-common/snprintf.c
cfn=(496) snprintf
calls=1 -28 
* 2989 393 104 29 11
+7 3 1
+2 2 1
+3 1
+20 2
-32 3

fl=(82) /build/glibc-S7Ft5T/glibc-2.23/stdlib/cxa_atexit.c
fn=(308) __cxa_atexit
57 5
-22 1
+22 1
-22 1
cfn=(310) __new_exitfn
calls=1 +38 
* 38 7 5
+2 2 1
+4 1
+3 1
+1 1
-4 2
+2 1
+4 1
+1 1
+11 4

fn=(310)
73 2
+6 1
-6 1
+6 1
-6 1
+6 4 2 2
+2 6 1
+2 3 1 1
-2 1
+10 2
-10 2 1 1
+45 1
+1 1
+3 4 2 1
+3 5
-21 1
+1 2

fl=(136) /build/glibc-S7Ft5T/glibc-2.23/stdio-common/sprintf.c
fn=(540) sprintf
27 7 1
+4 1
+1 1
-1 5
+1 1
cfi=(137) /build/glibc-S7Ft5T/glibc-2.23/libio/iovsprintf.c
cfn=(542) vsprintf
calls=1 * 
* 1580 201 48 16 8
+4 2

fl=(107) /build/glibc-S7Ft5T/glibc-2.23/libio/fileno.c
fn=(416) fileno
35 5 2
+7 1

fl=(49)
fn=(184)
27 10
+4 10 5 5
-3 10

fl=(105)
fn=(430) _IO_file_stat
1229 2
+1 6
cfi=(108)
cfn=(418)
calls=2 34 
* 20 4

fn=(424)
1360 91
+7 13
-7 13
+7 13 13 4
+11 52 13
+2 39
+1 26 13 6
-1 6
+1 4 2 2
+8 4 2
+13 4 2
+9 6 2
+1 8 2 2
-34 4 2 2
+6 13
+68 13
+1 13
-1 13
+1 65
-70 39
cfi=(101)
cfn=(392)
calls=13 61 
* 527 255 46
+1 26
+30 4
cfi=(104)
cfn=(434)
calls=2 316 
* 189 35 12 4 2
* 4 2 2
-44 3 1 1
+5 2
cfi=(104)
cfn=(426)
calls=1 395 
* 268 39 20 3 2
* 1

fn=(468)
160 3 1
-2 2
+9 1
-9 1
+5 5 1
+6 1
+3 1
-3 1
cfi=(104)
cfn=(452)
calls=1 1049 
* 7 2 2
+3 2 1 1
+4 3 1 1
+9 5
cfi=(104)
cfn=(432)
calls=1 380 
* 162 32 13 1
+1 2
+3 1
-3 1
+1 3
+2 1
cfi=(104)
cfn=(466)
calls=1 60 
* 3 1 1
+5 2
-4 1
+1 1
+1 1
+2 1
+1 4
-23 3 0 0 1 1
cfn=(470) _IO_file_close
calls=1 1250 
* 6 1 1
* 2

fn=(620)
450 2
+1 1
cfi=(104)
cfn=(622)
calls=1 +71 
* 51 6 3 1 1
* 2 1
+4 2
-1 2
+2 3
+2 1
+1 2

fn=(454) _IO_file_seek
1223 2
cfi=(115)
cfn=(456)
calls=1 84 
* 5 1

fn=(470)
1250 5 1 1
+1 1

fn=(410) _IO_file_open
214 6
+3 2 1
+1 6 1
+7 2 1
+3 2
+3 1
-3 1
-1 1
+1 2
+3 1
-3 1
+3 1 1
+10 2
cfi=(104)
cfn=(406)
calls=1 98 
* 4 1 1
+1 1
+1 4

fn=(440) _IO_file_read
1216 4 2
-1 10 2
+2 2

fn=(408)
249 7
+11 2 1
+2 3 1 1
+25 20 8 3
+41 6
cfn=(410)
calls=1 214 
* 37 5 1
+3 1
-3 1
+3 1 1
+17 3
cfi=(106) /build/glibc-S7Ft5T/glibc-2.23/string/../string/strstr.c
cfn=(412) __GI_strstr
calls=1 53 
* 47 6 2
+1 1
-1 1
+1 1 1 1
-62 6 3
+30 1
+2 2
-53 1
-1 1
-15 2
425 1
-76 1
+76 7
313 3

fn=(526) _IO_do_write@@GLIBC_2.2.5
494 21 7 3
+1 1
-3 48
+11 12 6
+7 24 6 2
+8 30 0 0 6 1
cfn=(530) _IO_file_write@@GLIBC_2.2.5
calls=6 1258 
* 264 42 4
* 6
+1 30 12
+6 6
-4 6
+4 6
-4 18
+1 12
+3 6 6 2
-2 6
-29 24
+1 36
+29 12 6 1

fn=(404)
144 2
+4 1
-4 2
+5 1
-1 1
+3 1
cfi=(104)
cfn=(406)
calls=1 -53 
* 81 17 8
+1 1
+1 4

fn=(450) _IO_file_seekoff@@GLIBC_2.2.5
986 14
+8 4 2 1
+6 8 1
+3 2 1 1
+25 2 1 1
+89 2
cfi=(104)
cfn=(452)
calls=1 -68 
* 7 2 2
+1 6 0 0 1 1
cfn=(454)
calls=1 1223 
* 7 1
+1 2 1
+4 1
-2 1
+3 1
-2 1
+1 3
+1 3
+13 16
1003 2 1 1
+12 2 1 1
+17 2
+2 1
-2 1
+2 2 1
932 2 1
+2 2
+2 2
+5 3 1 1
+10 2 1
+1 2
+13 2 1
+10 2 1 1

fn=(476)
200 1
+1 1
-1 1
+1 1 1 1
+6 2
+1 1
-1 1
cfi=(104)
cfn=(478)
calls=1 639 
* 19 4 3

fn=(522) _IO_file_xsputn@@GLIBC_2.2.5
1287 46
-1 92 46 1
-6 450
+13 180 45 10
+17 4 1 1
+4 44
+5 176
cfi=(134)
cfn=(528)
calls=44 61 
* 878 266 40
* 44
+6 44
-1 44
+1 88
+2 88 44 3
+27 90
+1 361
-24 5 0 0 1 1
cfn=(524)
calls=1 808 
* 576 111 37 3
* 2 1
+6 14
+1 21 7 3
+2 21 7
+11 14 7 2
+1 4
cfi=(104)
cfn=(506)
calls=1 425 
* 957 212 5 19 1
* 2
-57 132
+1 88 44
+3 132 44
+2 387 127 14
-2 318 121 26
+39 28
-35 6
+11 30 6 3
+17 24 0 0 6 1
cfn=(524)
calls=6 808 
* 696 108 14 6 1
* 12 6 2

fn=(624)
868 1
+5 1
-5 1
+5 3 1 1
+2 1
+1 2 1
+17 2
+4 2

fn=(436)
539 6 2
+6 6 2
-14 8
+17 4 2
+13 4 2 2
+20 4
cfi=(104)
cfn=(438)
calls=2 176 
* 40 6 2
+6 2
+5 8
-5 4
+1 2
+2 2
-1 4
+3 2 0 0 2 1
cfn=(440)
calls=2 1216 
* 16 4
+2 4 2
+16 2
-9 2
+9 4 2 1
+1 2
+1 2
+1 4
-1 2
+1 4

fn=(524)
808 78 26
+7 26
-8 130
+8 126 51 2
+35 52 26 3
+3 38 19
+3 57
+1 57 19
+1 76 38
+4 19
+1 76
-45 2 1 1
+12 2 1
+9 4 1
+8 1
-4 1
+3 2
-2 2
-3 1
+1 2
+5 1
-1 1
+1 3 2
+1 2
+3 14
+12 21
-12 7
cfn=(526)
calls=7 494 
* 568 85 12 6 1
-31 2
cfi=(104)
cfn=(426)
calls=1 395 
* 522 102 34 3
+1 6

fn=(530)
1258 6
-2 36
+2 24 6
+4 12
+1 12 6 2
+10 18 6 2
+3 36
-13 24
cfi=(135)
cfn=(532)
calls=6 84 
* 42 12
+1 12 6
+5 6
+1 6
-12 30 6

fl=(111)
fn=(442)
24 41
+1 41 41
+1 41
+1 41 41 1
+1 41
+1 41
+1 41
+1 41 41
+3 41
+1 41 41 4
+1 32
+1 32
+1 32
+1 32 32
+1 32
+1 32
+1 32 32 23
+2 24
+1 24 24 2
+1 15
+1 15
+1 15
+1 15 15 2
+5 9
+1 9 9
+1 9
+1 9
+1 9
+1 9 9 2
+35 17
+4 24
+1 24 24 9
+1 8
+1 8
+1 8
+1 8
+1 8
+1 8
+1 8
+1 8
+1 8
+1 8
+1 8
+4 16
+1 16

fl=(126) /build/glibc-S7Ft5T/glibc-2.23/libio/vsnprintf.c
fn=(498) vsnprintf
95 8
+9 1
-5 1
+5 4 1
+6 6
cfi=(104)
cfn=(400)
calls=1 599 
* 44 2 1
+1 1
+2 4
-2 1
+1 1
+1 1
cfi=(127) /build/glibc-S7Ft5T/glibc-2.23/libio/strops.c
cfn=(500) _IO_str_init_static_internal
calls=1 -77 
* 53 3 2
+1 4
cfi=(128) /build/glibc-S7Ft5T/glibc-2.23/stdio-common/vfprintf.c
cfn=(502) vfprintf
calls=1 1236 
* 2832 385 100 29 11
+2 3 1
+1 2
+2 7

fl=(125)
fn=(496)
28 6 1 1
+4 1
+1 1
-1 5
+1 1
cfi=(126)
cfn=(498)
calls=1 +62 
* 2973 392 103 29 11
+4 2

fl=(109) /build/glibc-S7Ft5T/glibc-2.23/libio/iofread_u.c
fn=(420) fread_unlocked
34 26
+5 13
-5 13
+1 26
+3 26 13 8
+4 78
-2 52
cfi=(104)
cfn=(422)
calls=13 467 
* 1502 383 97 20 5
+1 52 13 7

fl=(90)
fn=(350)
34 24
+1 3
cfi=(91)
cfn=(352)
calls=3 +31 
* 48 6
* 3
+4 21 6 1
+3 6 3 3
+49 27
-24 3
+6 3
+2 3
-3 3
+3 810 204 6
+9 402 201 11

fl=(142)
fn=(584)
31 8
+17 2
-17 8
+4 8 2
+4 12 2 2
-4 6 2
+32 8 2
+4 12 2 2
-4 6 2
+12 4 2
+3 2
-2 2
+2 12
-2 2
cfi=(143) /build/glibc-S7Ft5T/glibc-2.23/nptl/unregister-atfork.c
cfn=(586) __unregister_atfork
calls=2 -52 
* 20 2 2

fl=(127)
fn=(500)
36 16
+4 4 2 2
+6 10
cfi=(104)
cfn=(432)
calls=2 380 
* 36 2 2
+5 2
-3 2
+1 2
+1 2
+1 2 2
+2 2
+1 2
+1 2
+9 2
+1 12
-23 2
+1 8

fl=(81) /build/glibc-S7Ft5T/glibc-2.23/csu/../csu/libc-start.c
fn=(306) (below main)
134 7
+4 1
-4 3
+4 3 1
+82 1
-82 1
+82 1 1 1
+1 4
cfi=(82)
cfn=(308)
calls=1 57 
* 60 8 5
+22 4 1
+3 2 1
+1 5 0 0 1 1
cob=(6) /home/alex/Documente/foaie/parcurs/SCRATCH/date_ex
cfi=(78) ???
cfn=(312) __libc_csu_init
calls=1 0 
* 63 5 3 2 2
+4 4 1
+15 2 1
+12 2
cfi=(84)
cfn=(326)
calls=1 30 
* 30 1 1
+1 2 1
+5 2
+1 2
+3 2
+3 6 0 0 1 1
cob=(6)
cfi=(78)
cfn=(332) main
calls=1 0 
* 97083 19803 3160 279 103
+34 2
cfi=(139)
cfn=(556)
calls=1 104 
* 1152 218 85 14 14
138 2

fl=(144)
fn=(626)
27 2
+4 1
+2 2

fl=(101)
fn=(392)
61 20
+2 20
+2 20 20 2
+3 20
+1 20 20 6
+2 8
+1 8
+2 8
+1 8
+5 8
+1 8 8 1
-1 12
+1 12 12 6
+2 7
+1 7
+2 7
+1 14
+5 7
+1 7 7 4
-1 13
+1 13 13 1
+2 16
+1 16
+2 16
+1 16
+5 16
+1 16 16 8
-1 4
+1 4 4 1
+2 6
+1 6
+2 6
+1 6
+5 6
+1 6 6 4
-1 14
+1 16 14 6
+5 2
+1 2
+1 2
+1 2
+2 2
+2 2
+1 2
+2 2 2
+8 20
+8 3
+6 3
+2 3
+1 3 3 2
+3 1
+1 3
+5 1
+1 1
+2 1
+2 1
+1 1
+2 1 1 1
-8 3
+1 3
+2 3
+2 3
+1 3
+2 5 3 2
+9 1
+1 1 1 1
-1 2
+1 2 2 1
+3 2
+1 2
+1 2 2
+5 2
+2 2
+1 2
+1 2
+1 2
+2 2
+1 2
+1 2
+1 2
+2 2
+1 2
+2 2 2 2
+22 2
+6 2
+1 2 2 2
+19 1
+1 1
+1 1
+5 1
+1 1
+4 1
+1 1 1
+2 156 156 10
+1 1
+6 1
+1 1
+1 1 1
+3 1
+6 1
+1 1 1 1

fl=(98)
fn=(386)
46 2
+1 2
cfi=(99)
cfn=(388)
calls=2 -13 
* 73 13 3
+1 6
+4 4

fl=(102)
fn=(394)
104 27
+20 3
-10 3
+3 3
+5 3
+2 3 3
+3 12 3 1
543 24
136 12 3 2
+24 6 3 2
+1 8
cfi=(123)
cfn=(488)
calls=2 34 
* 20 4
* 4 2
+1 6 2 2
+6 3
cfi=(103)
cfn=(396)
calls=1 -71 
* 538 77 30 1
+1 1
-1 1
+1 1 1
+4 2
cfi=(107)
cfn=(416)
calls=1 35 
* 6 2
* 4
cfi=(108)
cfn=(418)
calls=1 34 
* 10 2
* 2 1
+6 2
-64 1
+64 1
cob=(2)
cfi=(16)
cfn=(354)
calls=1 0 
* 18 2 1 1
+4 1
-3 1
+3 1
+1 2
+1 1
+3 1
-3 1
+6 5
cfi=(109)
cfn=(420)
calls=1 34 
* 493 80 40 6 5
* 5
cfi=(109)
cfn=(420)
calls=1 34 
* 222 41 19 3
* 4 2
+2 8
cfi=(111)
cfn=(442)
calls=2 24 
* 44 16 8
* 4 2
fi=(112) /build/glibc-S7Ft5T/glibc-2.23/time/../sysdeps/x86/bits/byteswap.h
47 16
fe=(102)
197 2
fi=(112)
47 2
fe=(102)
201 4
-1 2
fi=(112)
47 10
fe=(102)
196 2
fi=(112)
47 2
fe=(102)
199 2
+4 2
-7 2
+1 2
+1 2
+1 2
+4 2 2
+4 4 2 1
+1 2 1
+12 6
-9 1
+9 4
cfi=(113)
cfn=(446)
calls=1 32 
* 110 17 9 2 2
* 2 1 1
-74 9 3
+16 6 2
+1 6 2
534 3
-1 3
+1 3
cob=(2)
cfi=(16)
cfn=(354)
calls=3 0 
* 54 6 3 3
* 4
226 3 1
+5 2
+3 5 1
+3 3
+1 4 1
+2 1
+1 2 1
+3 3
+3 4 1
+3 1
+1 1
-1 2
+2 1
-2 2
+2 2 1 1
+25 10 1
+5 4
cob=(2)
cfi=(16)
cfn=(360)
calls=1 0 
* 186 29 14 1
+1 1
-1 1
+1 1 1
+5 1
+1 1
-3 1
+5 3
-3 1
+1 1
+2 1
-2 1
-3 1
+5 1
-2 1
+1 1
-2 1
-2 1
+4 1
+1 1 1 1
+19 1
cfi=(109)
cfn=(420)
calls=1 34 
* 291 176 21 1
+1 1
-1 5 1
+7 2 1
+1 7 1
-1 278 139 1
+1 555 138 4
-23 5 1
+5 5
+21 4 1
fi=(112)
111 3
fe=(102)
338 1
-1 2 1 1
fi=(112)
111 414
fe=(102)
338 138
-1 276 138 9
+4 9 1
+4 5
cfi=(109)
cfn=(420)
calls=1 34 
* 76 11 7 1
* 35
cfi=(109)
cfn=(420)
calls=7 34 
* 532 77 13 7
* 16 8
fi=(118) /build/glibc-S7Ft5T/glibc-2.23/time/../libio/bits/stdio.h
65 48 8
fe=(102)
350 16 8
+2 32
fi=(118)
65 48 8
fe=(102)
354 24 8
+3 8
-16 16
+16 8
fi=(112)
47 16
fe=(102)
358 16
-17 13 8 3
+20 8
cfi=(109)
cfn=(420)
calls=1 34 
* 85 12 7 1
* 5 1
+6 8
-3 2 1 1
254 8
cfi=(116)
cfn=(458)
calls=1 35 
* 68 12 7 1
+1 3 1
+2 1
-1 1
+2 5
-3 2 1
+8 1
-3 1
+3 3 1
+1 1
-1 2 1
+4 1
-1 2
+1 2 1
+3 5 2
+2 1
+1 10 2 1
+23 8
fi=(118)
65 48 8
fe=(102)
385 40
-5 26 9 7
+7 1
+1 3
-1 2 1 1
-4 2
+7 18 9 1
fi=(118)
65 48 8
fe=(102)
395 32
-5 16
+7 4 1 1
+4 2 1
fi=(118)
65 6 1
fe=(102)
404 2 1
+58 2
+3 1
-3 1
cfi=(119)
cfn=(464)
calls=1 39 
* 511 103 50 4 2
* 2
+3 18 9 1
+1 8
-1 8
+1 40
cfi=(89)
cfn=(480)
calls=8 128 
* 1868 357 90 4
* 8
-61 8
cfi=(109)
cfn=(420)
calls=1 34 
* 89 12 5 1
* 3 1
+4 2
+50 1
-50 1
+50 3 2
+12 1
+2 3
+11 1
-13 1
+1 1
+1 4 2
+2 4
+1 8
+2 2
-2 2
+2 2 2
+4 8
cfi=(89)
cfn=(480)
calls=2 128 
* 270 61 9
* 4
+2 10 2 1
+4 3 1
+7 2 1 1
847 10
+5 13
-1 34 17 11
+2 16 4 2
+1 2
+2 12 4 3
500 3 1 1
+29 4
+1 1
-1 1
+1 3
-15 3
-9 2
+9 2
-10 2
+5 9 3 1
+3 2
-1 1
+8 4 2 1
+3 2 1 1
-8 7 2
+3 2
-1 10 2

fn=(482)
643 36
+3 4
-3 4
+3 8 4
+5 4
-3 4
+3 4
-3 4
+1 4
+2 20 8 1
+30 12 4 2
+42 8
-5 4
+5 24
+1 8 4 2
+42 24
+1 4
-1 4
+1 8
cfi=(89)
cfn=(480)
calls=4 128 
* 324 68 13
+2 4
-2 12
+2 8 4 2
+3 16
+3 4
-3 4
+3 4 4
+2 16
cfi=(89)
cfn=(480)
calls=4 128 
* 756 176 18
* 12
+2 20 4 2
+7 28 4
+7 20
+1 4
+2 4
-3 4
+1 8
+2 4 4
+7 8 4
+3 8
+1 20
cfi=(121)
cfn=(484)
calls=4 144 
* 96 12 2
* 8 4
+2 4
-1 4
+1 16
+4 4
+8 8
-7 4
+7 12
-2 8 4
+20 32
726 16
+1 12 4 2
+2 4 2 2
+3 6 2 2
+8 6 2 2
-8 4
+12 2
-1 6 2
-3 6 2
-11 4 2 2
+98 8

fl=(137)
fn=(542)
32 2
+7 1
-7 3
+7 1
-7 3
+7 3
-2 1
+2 1
cfi=(104)
cfn=(400)
calls=1 599 
* 44 2 2
+1 1
+1 4
-1 1
+1 1
cfi=(127)
cfn=(500)
calls=1 -5 
* 53 3 2
+1 4
cfi=(128)
cfn=(502)
calls=1 1236 
* 1445 195 43 16 8
* 1
+1 4 1 1
+2 7

fl=(143)
fn=(586)
28 8
+8 2
+3 4 2 2
+82 6

fl=(131) /build/glibc-S7Ft5T/glibc-2.23/stdio-common/_itoa.c
fn=(512) _itoa_word
168 84
+2 42 21 5
+9 414 31 10
+9 42

fl=(88)
fn=(346) localtime
39 6
cfi=(89)
cfn=(348)
calls=2 610 
* 70504 15704 2582 51 21

fn=(554)
29 2
+1 4
cfi=(89)
cfn=(348)
calls=2 610 
* 1476 224 24

fl=(114)
fn=(448)
40 4 2
-1 6
+10 7 3 2
+16 6
+1 4
-1 2 0 0 2 1
cfi=(105)
cfn=(450)
calls=2 986 
* 107 17 9 1 1
-16 2 1 1

fl=(72) /build/glibc-S7Ft5T/glibc-2.23/string/../sysdeps/x86_64/strrchr.S
fn=(264) rindex
24 1
+1 1
+1 1
+1 1
+1 1
+1 1
+1 1
+1 1 1
+1 1
+1 1
+1 1
+1 1
+1 1
+1 1
+1 1
+1 1
+1 1 1
+1 1
+1 1
+1 1
+1 1 1
+1 1
+1 1
+1 1

fl=(94)
fn=(364)
29 4
fi=(95)
260 1
fe=(94)
30 1
fi=(95)
260 1
fe=(94)
30 1
fi=(95)
260 1 1 1
fi=(92)
2918 7 2 1
+2 3
cfn=(380)
calls=1 3326 
* 1039 186 28 2 2
+3 1
-3 1
+3 1 1
+8 4 2 2
+2 11 4 1
fe=(94)
33 4
fi=(92)
2918 6 2 2
+12 1
cfi=(95)
cfn=(368)
calls=1 258 
* 58253 13235 2039 8 7
* 1
-15 2 1 1
fe=(94)

fl=(74) /build/glibc-S7Ft5T/glibc-2.23/string/../sysdeps/x86_64/cacheinfo.c
fn=(270) handle_intel
262 4 2
-1 4
+17 2
-17 12
+14 2
+1 4
-3 6
+23 8
cfn=(272) intel_check_word
calls=2 133 
* 666 198 37
+1 4 2
+3 10
cfn=(272)
calls=2 133 
* 238 38 22
+1 4 2 2
-17 4
+5 2
-5 6
+5 2 2
+2 2
+1 2
-1 4
+27 16

fn=(272)
133 8 4
+6 4
-7 20
+7 16
-7 4
+7 4
+2 4
-2 4
+2 4 4
+68 8
+3 24
-69 4
+2 8 4
-2 6
+2 12 6
+8 20 10 4
+51 16 8 6
+22 8
fi=(75) /build/glibc-S7Ft5T/glibc-2.23/string/../bits/stdlib-bsearch.h
27 8
+1 16
+3 16
+1 8
fe=(74)
+89 16 8
fi=(75)
-90 12
+1 6
fe=(74)
+89 12 6
+3 54 54 8
fi=(75)
-95 44
+2 44
-2 44 44 4
+2 80
+1 40
fe=(74)
+89 80 40 9
251 8
141 16 8 4
-6 2
256 24
fi=(75)
37 10
-8 24 10 4
fe=(74)
165 6
+3 6 2
+4 4
+2 4
+1 14 3 2
+2 7 1 1
-12 2
+12 2
+1 10 5 3
+1 10 5 4
+1 6 3 3
+17 3
-32 9
+3 9 3
+4 6
+2 6
+1 12 3 2
+2 12 3 3
+5 2
+2 4 2 2
+2 32

fn=(268) init_cacheinfo
482 2
+12 1
-12 3
+12 3 1
+2 4
cfn=(270)
calls=1 262 
* 455 111 30
+4 2
-4 1
+4 1
cfn=(270)
calls=1 262 
* 547 133 31
+2 1
-2 1
-1 1
+3 1 1
+9 2 1
+2 1
+1 1
+2 1
+5 2
+9 4
-9 4
+9 16 4 1
-9 12
+6 8 4 4
+69 4 2
+1 5
+55 2 1
+2 1
+1 1
+2 1
-3 1
+5 1
-5 1
+4 3
+4 2 1
+2 1
+1 1
+2 1
-3 1
+5 1
-5 1
+4 2
+3 1
-3 1
+3 5
532 1
+32 1
-26 6 2
+7 5
+2 1
+1 1
+1 2 1
-4 4
+2 1
+1 1
+1 6 3 1
+2 2
-6 2
+6 2 2 1
+5 1
+2 2
+1 1
-1 1
+1 3
+6 1
-1 1
+1 5 1 1

fl=(106)
fn=(412)
53 7
+10 13 3
+1 6
-1 10 2 1
+2 2 1 1
+1 1
+23 8

fl=(133) /build/glibc-S7Ft5T/glibc-2.23/stdio-common/printf.c
fn=(520) printf
28 112 14 6
+4 14
+1 28
-1 70
+1 42
cfi=(128)
cfn=(502)
calls=14 1236 
* 11806 2111 275 97 13
+4 28

fl=(68) /build/glibc-S7Ft5T/glibc-2.23/csu/../csu/init-first.c
fn=(256) _init
52 8
+6 3 1 1
+14 1
fi=(70) /build/glibc-S7Ft5T/glibc-2.23/csu/../sysdeps/unix/sysv/linux/x86_64/init-first.c
-36 1
fe=(68)
+34 1
+1 1
fi=(70)
-35 3
fe=(68)
+36 1
fi=(70)
-36 3
fi=(69) /build/glibc-S7Ft5T/glibc-2.23/csu/../sysdeps/generic/dl-hash.h
+12 3
+14 4
-17 3 1 1
+3 9
+14 12
-17 9 3 2
fi=(70)
-9 3 1
+2 2
-2 1
+2 2
cfi=(49)
cfn=(184)
calls=1 -11 
* 6 1 1
+1 2 1 1
+5 2
-3 2
+1 1
+2 1
cfi=(49)
cfn=(184)
calls=1 -17 
* 6 1 1
fe=(68)
+42 3
fi=(70)
-41 2
+1 1
fe=(68)
+40 1
cfi=(71) /build/glibc-S7Ft5T/glibc-2.23/misc/init-misc.c
cfn=(262) __init_misc
calls=1 -55 
* 48 5
+8 1
cfi=(73)
cfn=(266)
calls=1 -63 
* 16
+5 6
-34 1
-7 1
+7 4 1 1
fi=(70)
-25 2
fe=(68)

fl=(71)
fn=(262)
31 2 1
-1 3
+1 4 1
+2 3
cfi=(72)
cfn=(264)
calls=1 -9 
* 24 3
+4 5
+1 3
+2 4

fl=(110)
fn=(428)
95 10
+15 12 2 0 2 1
cfi=(105)
cfn=(430)
calls=2 1229 
* 28 4
* 4 2
+2 8 2 1
+11 6 2 2
+4 4
cob=(2)
cfi=(16)
cfn=(360)
calls=2 0 
* 606 118 45 2
* 2
+2 2
-1 4 2
+2 8
cfi=(104)
cfn=(432)
calls=2 380 
* 36 2 2
+1 2
+1 10
-15 1
-2 9 1
+5 2

fl=(128)
fn=(502)
1236 128
+31 48
+8 49 16 8
+4 80 32
+11 80 16
+11 16
fi=(130)
108 48
fe=(128)
1316 16
-15 80
fi=(130)
108 16
cfi=(129)
cfn=(504)
calls=16 -84 
* 344 33 2
fe=(128)
1316 16
fi=(130)
108 16
fe=(128)
1312 16
+4 32 16 3
+4 128 0 0 16 4
cfi=(105)
cfn=(522)
calls=14 -33 
* 2744 571 75 23 2
cfi=(104)
cfn=(506)
calls=2 425 
* 8 2 2
* 64 16 5
1685 74 30 5
+1 4 2
+2 16
+1 128
1275 30 15 7
+41 84 14
+1 196 42 5
1685 70 28 8
+1 28 14 2
1320 32 16 8
+4 16
-4 16
+4 32 16 2
+4 192 48 8
1552 32
-21 32
1632 32
-1 32
1370 390 26
-7 26
-1 26
-3 26
-1 26
+8 26
+4 26
-3 26
-10 26
-1 26
-1 26
-1 26
-1 26
+14 26
-15 26
-1 26
-1 26
-1 26
+18 52 0 0 26 9
1649 26
+2 52 26 14
+8 26
fi=(130)
108 52
fe=(128)
1659 26
fi=(130)
108 26
fe=(128)
1659 26
fi=(130)
108 52
cfi=(129)
cfn=(504)
calls=26 -84 
* 544 53 2
fe=(128)
1663 26
-4 26
+4 286 26 0 26 4
cfi=(105)
cfn=(522)
calls=16 1287 
* 1956 369 42 10
cfi=(104)
cfn=(506)
calls=10 425 
* 352 50 4
* 338 52 3
+2 68 26 6
-34 1062 228 45
cfi=(132)
cfn=(514)
calls=2 37 
* 150 20 2 2
* 215 27 0 21 2
cfi=(105)
cfn=(522)
calls=13 1287 
* 941 171 14
cfi=(104)
cfn=(506)
calls=8 425 
* 389 57 10
* 210 42
+1 52
-1 75 21 7
cfi=(131)
cfn=(512)
calls=3 168 
* 102 9 4
* 180
cfi=(131)
cfn=(512)
calls=18 168 
* 480 43 11
* 633 121 17
cfi=(132)
cfn=(514)
calls=1 37 
* 77 10 3 1 1
* 51 3
+1 50 5 0 5 2
cfi=(105)
cfn=(522)
calls=3 1287 
* 457 92 30 2 2
cfi=(104)
cfn=(506)
calls=2 425 
* 106 16 5
* 50 10 5
1396 8
+1 2
-1 2
+1 28 2
1588 30 0 0 10 6
+43 330 84 18
+1 47 15 3
cfi=(91)
cfn=(510)
calls=2 52 
* 86 8 2
* 114 97 17
1489 12
cfi=(130)
cfn=(508)
calls=3 73 
* 36 3 3
+2 3
-2 3
+2 9 3
+8 9 3 3
+18 12 3
+3 36 3
+3 15
+1 15 5
+26 5
+14 5
-14 10 5 3
+38 70 5
-36 20
cfi=(130)
cfn=(508)
calls=5 73 
* 60 5 2
* 5
+4 20 5
+9 25 10 3
+67 45 5

ob=(4) /lib/x86_64-linux-gnu/libm-2.23.so
fl=(77) ???
fn=(608) 0x0000000000005600
0 9 1 1

fn=(598) 0x0000000000005690
0 8 2
cob=(2)
cfi=(16)
cfn=(604)
calls=1 0 
0 57 8 3 1 1
0 1
cfn=(608)
calls=1 0 
0 9 1 1
0 3

fn=(282) 0x00000000000056d0
0 17 2 1

fl=(54) /build/glibc-S7Ft5T/glibc-2.23/math/../sysdeps/x86_64/fpu/multiarch/e_exp.c
fn=(202) __exp_finite
9 8 2 1

fl=(57) /build/glibc-S7Ft5T/glibc-2.23/math/../sysdeps/x86_64/fpu/multiarch/s_ceilf.S
fn=(208) ceilf
25 1
+1 1
+1 1
+1 1 1 1
+2 1

fl=(61) /build/glibc-S7Ft5T/glibc-2.23/math/../sysdeps/x86_64/fpu/multiarch/s_rintf.S
fn=(216) rintf
25 1
+1 1
+1 1
+1 1 1 1
+2 1

fl=(60) /build/glibc-S7Ft5T/glibc-2.23/math/../sysdeps/x86_64/fpu/multiarch/e_log.c
fn=(214) __log_finite
9 8 2 1

fl=(59) /build/glibc-S7Ft5T/glibc-2.23/math/../sysdeps/x86_64/fpu/multiarch/e_pow.c
fn=(212) __pow_finite
8 5 1

fl=(64) /build/glibc-S7Ft5T/glibc-2.23/math/../sysdeps/x86_64/fpu/multiarch/s_floor.S
fn=(222) floor
25 1
+1 1
+1 1
+1 1 1 1
+2 1

fl=(56) /build/glibc-S7Ft5T/glibc-2.23/math/../sysdeps/x86_64/fpu/multiarch/s_rint.S
fn=(206) rint
25 1
+1 1
+1 1
+1 1 1 1
+2 1

fl=(55) /build/glibc-S7Ft5T/glibc-2.23/math/../sysdeps/x86_64/fpu/multiarch/s_sin.c
fn=(204) cos
12 8 2 1

fn=(228) sin
17 8 2 1

fl=(58) /build/glibc-S7Ft5T/glibc-2.23/math/../sysdeps/x86_64/fpu/multiarch/s_ceil.S
fn=(210) ceil
25 1
+1 1
+1 1
+1 1 1 1
+2 1

fl=(63) /build/glibc-S7Ft5T/glibc-2.23/math/../sysdeps/x86_64/fpu/multiarch/s_floorf.S
fn=(220) floorf
25 1
+1 1
+1 1
+1 1 1 1
+2 1

fl=(65) /build/glibc-S7Ft5T/glibc-2.23/math/../sysdeps/x86_64/fpu/multiarch/e_atan2.c
fn=(226) __atan2_finite
9 8 2 1

fl=(62) /build/glibc-S7Ft5T/glibc-2.23/math/../sysdeps/x86_64/fpu/multiarch/e_asin.c
fn=(224) __asin_finite
16 5 1

fn=(218) __acos_finite
10 5 1

ob=(1)
fl=(45) /build/glibc-S7Ft5T/glibc-2.23/elf/dl-reloc.c
fn=(166) _dl_relocate_object
149 50
+15 5
-15 10
+15 5 5
+1 30
+6 10 5
+6 15 5 3
-18 10
+22 10 5
+7 5
-32 5
+32 5 5 1
+44 5
fi=(5) /build/glibc-S7Ft5T/glibc-2.23/elf/../sysdeps/x86_64/dl-machine.h
76 15
fe=(45)
232 10
fi=(5)
76 13 9 2
+6 6
+4 9 3 1
+14 3
-8 3
+8 6 3
+20 6 3
+4 12
-2 3
+9 15 5 4
fe=(45)
258 193 64 33
-98 18
fi=(5)
303 24
fe=(45)
-45 3
fi=(4) /build/glibc-S7Ft5T/glibc-2.23/elf/do-rel.h
58 3
-10 3
-1 6
+11 3
-11 3
+11 3 3 3
fe=(45)
258 2
-98 12
fi=(5)
303 16
fe=(45)
-45 2
fi=(4)
58 2
-10 2
-1 4
+11 2
-11 2
+11 2 2 2
fe=(45)
258 5
fi=(4)
58 5
-10 5
-1 10
+11 5
-11 5
+11 5 5 2
+3 15 3 3
fi=(5)
530 54
+4 54 27
+2 81 27
+1 27
fi=(4)
61 141 47 3
+2 196 49 11
+2 70 22 6
-4 6 2 1
+13 6 3 1
+1 10 4 2
+1 44 22
fi=(5)
530 22
+26 22
fi=(4)
75 22
fi=(5)
556 44 0 0 22 22
cob=(4)
cfi=(55)
cfn=(228)
calls=1 17 
* 8 2 1
cob=(4)
cfi=(65)
cfn=(226)
calls=1 9 
* 8 2 1
cob=(4)
cfi=(62)
cfn=(224)
calls=1 16 
* 5 1
cob=(4)
cfi=(64)
cfn=(222)
calls=1 25 
* 5 1 1
cob=(4)
cfi=(63)
cfn=(220)
calls=1 25 
* 5 1 1
cob=(4)
cfi=(62)
cfn=(218)
calls=1 10 
* 5 1
cob=(4)
cfi=(61)
cfn=(216)
calls=1 25 
* 5 1 1
cob=(4)
cfi=(60)
cfn=(214)
calls=1 9 
* 8 2 1
cob=(4)
cfi=(59)
cfn=(212)
calls=1 8 
* 5 1
cob=(4)
cfi=(58)
cfn=(210)
calls=1 25 
* 5 1 1
cob=(4)
cfi=(57)
cfn=(208)
calls=1 25 
* 5 1 1
cob=(4)
cfi=(56)
cfn=(206)
calls=1 25 
* 5 1 1
cob=(4)
cfi=(55)
cfn=(204)
calls=1 12 
* 8 2 1
cob=(4)
cfi=(54)
cfn=(202)
calls=1 9 
* 8 2 1
cob=(3)
cfi=(53)
cfn=(198)
calls=1 54 
* 11 2 1
cob=(3)
cfi=(52)
cfn=(194)
calls=1 37 
* 66 6 4
cob=(3)
cfi=(51)
cfn=(192)
calls=1 30 
* 6 1
cob=(3)
cfi=(50)
cfn=(190)
calls=1 45 
* 6 1
cob=(3)
cfi=(46)
cfn=(188)
calls=1 129 
* 5 1 1
cob=(3)
cfi=(50)
cfn=(186)
calls=1 45 
* 6 1
cob=(3)
cfi=(47)
cfn=(180)
calls=1 38 
* 66 6 4
cob=(3)
cfi=(46)
cfn=(178)
calls=1 109 
* 5 1 1
fi=(4)
75 22
fi=(5)
557 22
fi=(4)
75 28 22 14
fe=(45)
258 4 2
fi=(4)
75 16
fe=(45)
258 16 8 5
+3 20 5
+24 5
+3 10 5
+17 15 5 5
+2 40
fi=(4)
84 7
-1 7
+3 14
-3 7
+3 7
+12 21 7 2
+10 10 5 1
+3 13 5 2
fi=(5)
514 3
fi=(4)
112 6
fi=(5)
514 1198 3
fi=(4)
112 2384
fi=(5)
514 2384 1192
+5 2390 1195
+1 2390
fi=(4)
111 2390
fi=(5)
520 1195
fi=(4)
111 1195 1195 8
+7 21 7 2
+6 5
-3 10
+3 13 5 1
fi=(5)
449 12
fi=(4)
127 412 103
+9 206
+3 103
-3 103
+3 103
fi=(5)
271 103
fi=(4)
138 103
-2 103
+1 412
fi=(5)
271 103 103
+21 206 103 3
+4 206 103 1
+7 2008 442 9
fi=(4)
137 86
fi=(5)
303 172
fi=(4)
137 86
fi=(5)
303 86
fi=(4)
137 86
fi=(5)
303 1376 86
cfi=(6) /build/glibc-S7Ft5T/glibc-2.23/elf/dl-lookup.c
cfn=(172) _dl_lookup_symbol_x
calls=86 806 
* 52977 7703 484 18 6
* 688
+2 267 89 2
+3 97
-3 194
+3 291 97
+6 618 103 0 103 5
fe=(45)
178 10 5 3
fi=(5)
437 264
fi=(4)
124 317 103 12
+19 8 4 4
fi=(5)
303 54 4 1
fi=(4)
108 3 1
fi=(5)
409 45 15 1
+4 75 15
+14 75
fe=(45)
313 25
+3 5
-3 10
+3 5
+4 10 5
+1 20
cfi=(43) /build/glibc-S7Ft5T/glibc-2.23/misc/../sysdeps/unix/syscall-template.S
cfn=(146) mprotect
calls=5 84 
* 25 5
* 15 5 4
-63 3
fi=(4)
129 10
fi=(5)
303 87 12 6
fi=(4)
160 11 2 1
+2 28 7
+8 14
+1 7
-1 7
+1 7
fi=(5)
271 7
fi=(4)
170 21
fi=(5)
271 7 7
+21 14 7
+4 14 7 1
+7 252 35 1
cfi=(6)
cfn=(172)
calls=7 806 
* 3743 543 25
* 49
+2 21 7 4
+3 2
-3 4
+3 6 2
+6 42 7 0 7 1
437 21
fi=(4)
160 23 7 5
+14 2 1 1
fi=(5)
303 6
fe=(45)

fl=(2)
fn=(94) handle_ld_preload
757 7
+1 1
-1 1
-75 1
+86 1
-11 1
-75 6
+80 3 1
fi=(31) /build/glibc-S7Ft5T/glibc-2.23/elf/../string/bits/string2.h
961 1
+1 310 103
+1 101
-2 101
+2 101
-2 304 101 5
+2 1
-2 3 1 1
fe=(2)
766 2 1
+10 4 2
108 3 1
779 2 1
677 1
+5 5
-10 1
+4 1
+1 1
+1 1
+2 1
+2 1
cfi=(32) /build/glibc-S7Ft5T/glibc-2.23/elf/dl-error.c
cfn=(98) _dl_catch_error
calls=1 163 
* 2993 448 164 15 3
+1 3 1
+13 3
+84 1
-18 3 1
+21 9
-15 4
cfi=(18) /build/glibc-S7Ft5T/glibc-2.23/string/../sysdeps/x86_64/multiarch/../memcpy.S
cfn=(46) memcpy
calls=1 61 
* 95 16 9
* 1
+1 2

fn=(52)
710 12

fn=(26) dl_main
790 1
+19 1
-19 7
2390 1
790 3
+19 1
+3 1
-22 1
2385 1
812 1
+4 2
+1 2
+5 2
2383 2
+7 4
-4 1
+4 8
+2 2
cfi=(13) /build/glibc-S7Ft5T/glibc-2.23/elf/dl-environ.c
cfn=(28) _dl_next_ld_env_entry
calls=1 30 
* 418 142 26
* 4
cfi=(13)
cfn=(28)
calls=2 30 
* 27 7 2
* 9 3 1
+4 50 23 4
+1 19
-1 57 19 10
+3 4 2
+6 14 2 0 2 2
2553 3 1
+30 3 1 1
832 3 1 1
1033 7
cfi=(15) /build/glibc-S7Ft5T/glibc-2.23/elf/dl-object.c
cfn=(32) _dl_new_object
calls=1 61 
* 250 36 22 3 3
+2 1
-2 1
+2 1 1
+1 1
+1 1
+5 2
-5 1
+1 2
+4 1
cfi=(15)
cfn=(48) _dl_add_to_namespace_list
calls=1 32 
* 33 1 0 2 2
+1 3 1
799 1
1072 1
-3 1
-5 1
+1 1
+2 1
+5 7 1
+56 5
-55 36 18 6
-1 33 11 1
+1 55 27 11
1175 5 1 1
+3 2 1 1
+2 2 1 1
+2 3 1
+13 3 1
+1 6
cfi=(19) /build/glibc-S7Ft5T/glibc-2.23/string/../sysdeps/x86_64/multiarch/../strcmp.S
cfn=(54) strcmp
calls=1 144 
* 24 3 1
* 2 1
+7 1
+3 1
-5 1
+3 1
+2 1 1
+1 2
+4 2 1
+2 2 1
fi=(3) /build/glibc-S7Ft5T/glibc-2.23/elf/get-dynamic-info.h
30 1
+9 2 1
+6 1
-2 1
+2 2 1
+15 1
+5 1
+3 1
+2 1
-3 1
-3 1
-3 14
+10 3
-26 9 3 1
+16 22
+10 22
-26 66 22
+26 1
-26 3 1
+2 52 26 10
+13 16 4 3
+2 4 1 1
+16 3 1 1
+38 3 1
+5 2 1
+7 2 1
+1 3 1
+16 3 1 1
+14 3 1 1
+18 2 1 1
fe=(2)
1218 2
cfi=(6)
cfn=(10) _dl_setup_hash
calls=1 956 
* 23 2
+3 2 1
fi=(20) /build/glibc-S7Ft5T/glibc-2.23/elf/setup-vdso.h
24 2 1 1
fe=(2)
1243 1
cfi=(8) /build/glibc-S7Ft5T/glibc-2.23/elf/../sysdeps/unix/sysv/linux/dl-sysdep.c
cfn=(60) _dl_discover_osversion
calls=1 45 
* 93 16 7
* 8 3 1
-75 2
+1 2
+1 1
-6 2
+1 1
-88 3
+1 1
+50 4
-1 16
+2 8 4 3
+1 1
+3 2
+1 2 1
-1 6
+1 6 3
+1 4
+1 10 5 3
+1 2
-43 1
-2 2
+27 1
-25 2
+7 1
-10 1
+10 1 1 1
-19 3
+1 1
fi=(3)
65 4 1 1
+3 4 1
+2 4
fe=(2)
2480 1
+1 1
-1 2 1
+1 3
cfi=(14) /build/glibc-S7Ft5T/glibc-2.23/string/../sysdeps/x86_64/multiarch/../memcmp.S
cfn=(30) bcmp
calls=1 24 
* 31 11 4
* 2 1 1
-55 4
cfi=(14)
cfn=(30)
calls=1 24 
* 18 6 1
* 2 1 1
+7 4
cfi=(14)
cfn=(30)
calls=1 24 
* 36 12 2
* 2 1
+2 3
+48 3
1248 2
cfi=(22) /build/glibc-S7Ft5T/glibc-2.23/elf/dl-load.c
cfn=(64) _dl_init_paths
calls=1 689 
* 4587 808 181 26 1
+3 3
cfi=(29) /build/glibc-S7Ft5T/glibc-2.23/elf/dl-debug.c
cfn=(88) _dl_debug_initialize
calls=1 50 
* 17 3 2
+7 1
-7 1
+2 1
+5 1 1
+3 3
+1 1
+3 1
-3 3
+1 2
+3 1
+5 1
-7 1
+7 1 1
+1 5
+17 2 1
+1 2 1
+5 1
-3 4
+2 2
+1 3
+5 3 1
+1 5 1
+2 2
+1 2
+5 2 1 1
+5 1
805 1
1314 2 1
1491 1
cfi=(30) /build/glibc-S7Ft5T/glibc-2.23/elf/dl-tls.c
cfn=(90) _dl_count_modids
calls=1 115 
* 4 1
* 1
+8 3 1
+3 1
+4 3 1 1
+5 1
+1 1
cfi=(29)
cfn=(92) _dl_debug_state
calls=1 74 
* 1
+1 1
+4 3 1
+15 3 1
+4 1
-2 1
+2 2 1
+2 3
+1 1
-1 2
+1 1
cfn=(94)
calls=1 757 
* 4080 677 179 15 3
* 1
+1 1
+2 6
+10 3
cfi=(24) /build/glibc-S7Ft5T/glibc-2.23/io/../sysdeps/unix/syscall-template.S
cfn=(68) access
calls=1 84 
* 9 1 1
* 2 1
+77 1
-96 1
+96 3 1 1
+17 3
+1 1
-1 1
+1 2
-1 1
+1 5
cfi=(40) /build/glibc-S7Ft5T/glibc-2.23/elf/dl-deps.c
cfn=(132) _dl_map_object_deps
calls=1 161 
* 14488 2592 647 57 12
+1 1
+2 2
+3 1
-3 3
+3 1
-3 1
+3 3 1
+1 4
-1 2 1 1
+1 16
-1 8 4 3
+4 3
+1 3 1
+1 1
+2 2 1
+1 6 1
-1 6 1
+1 8 3 1
-1 6 2 2
-3 1
+16 1
+1 2
-1 1
+1 1 1
+2 1
+2 3 1 1
+2 1
-4 1
+5 1
-1 2 1 1
+14 2 1
+1 2
+1 3 1 1
+11 1
+2 1
-2 1
+2 2
-1 1
+1 1
-2 3
+2 1
cfi=(32)
cfn=(150) _dl_receive_error
calls=1 205 
* 4606 641 144 31 11
+10 1
+1 1
-1 1
+1 1 1
+1 1
cfn=(160) init_tls
calls=1 589 
* 676 332 30 7
* 1
+2 2 1
719 1
+2 3
fi=(145) /build/glibc-S7Ft5T/glibc-2.23/elf/../sysdeps/unix/sysv/linux/dl-osinfo.h
77 1
fe=(2)
730 1
+7 1
-5 1
1729 3 1
1959 3 1 1
2080 3
+7 1
+2 3
+19 1
-19 4
+2 1
+2 15
+5 10
+2 10 5 1
+6 5
+2 10 5 1
+1 32
cfi=(45)
cfn=(166)
calls=4 149 
* 79892 13132 639 142 32
+4 17 6 4
-22 12 6 6
+25 1
+2 5
+6 1
-6 1
+6 1 1 1
+5 4 2 1
+2 1
+5 3
cfi=(30)
cfn=(230) _dl_allocate_tls_init
calls=1 450 
* 147 22 10
+3 2 1 1
+9 3 1
+2 2 1
+15 1
+2 1
-2 2
+3 1
-3 1
+3 1
-3 1
+3 3
cfi=(45)
cfn=(166)
calls=1 149 
* 4238 633 69 8 2
+1 1
+2 6
+8 1
cfi=(7) /build/glibc-S7Ft5T/glibc-2.23/elf/../elf/dl-sysdep.c
cfn=(232) _dl_sysdep_start_cleanup
calls=1 256 
* 1
+4 3 1
+20 3
cfi=(29)
cfn=(88)
calls=1 50 
* 8 3 3
+1 1
-1 1
+2 1
cfi=(29)
cfn=(92)
calls=1 74 
* 1
+1 1
+4 1
cfi=(42) /build/glibc-S7Ft5T/glibc-2.23/elf/dl-cache.c
cfn=(234) _dl_unload_cache
calls=1 322 
* 15 2 1
+5 8
2114 2
cfi=(30)
cfn=(200) _dl_add_to_slotinfo
calls=1 890 
* 20 1
* 1
-12 1
+1 1
-3 2 1 1
-85 1
+11 1
-7 1
-4 1
+4 3
+4 2
+3 1 1 1
1633 5
+1 1
-1 3
+4 3
+1 1
+1 2 1
+1 2 1 1
+32 2
1237 3

fn=(160)
589 1
+6 1
-6 1
+2 2
+4 1 1
+10 4
cfi=(17)
cfn=(36) calloc
calls=1 103 
* 89 8 5 2
* 1 0 0 1
+11 1
-5 1
-7 1
+6 1
+2 1
-1 1
+5 1 1 1
+2 1
-1 1
+1 12 6 1
+2 10 5 4
+4 1
+2 1
-2 2
-5 10
+9 3 1 1
+3 1
cfi=(30)
cfn=(162) _dl_determine_tlsoffset
calls=1 138 
* 71 7 1
+7 1
cfi=(30)
cfn=(164) _dl_allocate_tls_storage
calls=1 354 
* 439 301 15 4
+1 1
-1 1
+1 1 1 1
+6 1
+3 1
-3 1
+3 6 1 1
+3 1
+2 1
+1 2

fn=(152) version_check_doit
529 2
+2 4
cfi=(44) /build/glibc-S7Ft5T/glibc-2.23/elf/dl-version.c
cfn=(154) _dl_check_all_versions
calls=1 380 
* 4566 640 143 29 9
* 2 1 1
+4 2

fn=(100) _dl_initial_error_catch_tsd
664 14

fn=(50)
704 12

fn=(2) _dl_start
353 9
+18 4
fi=(5)
59 1
fe=(2)
371 1
fi=(3)
45 1
fi=(5)
+14 2
fe=(2)
397 1
fi=(3)
45 1
fe=(2)
394 1
fi=(3)
45 1 1
+25 2
-3 1
-7 1
+5 1
+3 1
+2 1
-3 1
-3 1
-3 2
-13 26
+23 13
-26 39 13
+26 1
-26 3 1
+2 36 18 8
+13 20 5 1
+1 16
+10 4
-26 12 4 3
+33 2 1
+20 4 1
+1 4 1
+1 4 1
+1 4 1
+2 4 1
+5 4 1
+1 4 1
+1 4 1
+6 3 1
+5 2 1
+7 3 1
+1 3 1
+8 3 1 1
+2 3 1 1
+3 2 1
+1 2 1
fe=(2)
408 2 1 1
302 1
415 1
302 1
cfi=(6)
cfn=(10)
calls=1 956 
* 23 2
+1 2
+1 2
+1 2
+1 2
+8 1
+9 1
-9 3
+9 1
-6 1
-3 1
+9 1
cfi=(7)
cfn=(12) _dl_sysdep_start
calls=1 86 
* 115739 19519 2108 312 83
* 1
+9 1
+3 4
+4 1
-4 1
+4 1 1
440 9
fi=(3)
62 4 1 1
+3 4 1 1
fe=(2)
413 26 3
fi=(4)
84 1
+27 1
-28 1
+28 2 1
+1 2
fi=(5)
519 2 1
fi=(4)
112 18
fi=(5)
519 18 9
+1 20
fi=(4)
111 20
fi=(5)
520 10
fi=(4)
111 10 10 6
+5 2 1
+8 1
fi=(5)
314 1
fi=(4)
124 2 1
+12 1
+1 3
fi=(5)
268 1
fi=(4)
137 1
fi=(5)
296 1
fi=(4)
137 2
fi=(5)
296 1 1
fi=(4)
136 5
+1 15
fi=(5)
268 5
fi=(4)
137 5
fi=(5)
296 5
fi=(4)
137 10
fi=(5)
296 5 5
+9 12 6
+3 6
-3 12
+3 18 6
+6 36 6 0 6 1
fi=(3)
68 4 1
+2 3
fi=(5)
427 12
fi=(4)
124 19 6 4
fe=(2)

fn=(104) map_doit
496 1
+2 1
-2 1
+3 8
cfi=(22)
cfn=(106) _dl_map_object
calls=1 2189 
* 2917 447 164 13 1
* 1
+2 2

fl=(18)
fn=(46)
61 24
+2 24
+2 24 24 9
+3 20
+1 20 20 11
+2 9
+1 9
+2 9
+1 9
+5 9
+1 9 9 3
-1 11
+1 11 11 6
+2 10
+1 10
+2 10
+1 20
+5 10
+1 10 10 4
-1 10
+1 10 10 9
+2 6
+1 6
+2 6
+1 6
+5 6
+1 6 6 3
-1 14
+1 14 14 6
+2 11
+1 11
+2 11
+1 11
+5 11
+1 11 11 5
-1 9
+1 17 9 6
+5 8
+1 8
+1 8
+1 8
+2 8
+2 8
+1 8
+2 8 8
+8 20
+8 10
+6 10
+2 10
+1 10 10 7
+3 3
+1 9
+5 3
+1 3
+2 3
+2 3
+1 3
+2 3 3 3
-8 11
+1 11
+2 11
+2 11
+1 11
+2 17 11 8
+9 3
+1 3 3
-1 7
+1 7 7
+3 10
+1 10
+1 10 10 1
+5 12
+2 12
+1 12
+1 12
+1 12
+2 12
+1 12
+1 12
+1 12
+2 12
+1 12
+2 12 12 8
+2 4
+2 4
+1 4
+1 4
+1 4
+2 4
+1 4
+1 4
+1 4
+2 4
+1 4
+2 6 4 3
+5 1
+6 1
+1 1 1
-7 9
+6 9
+1 9 9 6
+2 4

fl=(14)
fn=(30)
24 19
+1 19 19
+1 19
+1 19 19
+1 19
+1 19
+1 19
+1 19 19
+3 19
+1 19 19 11
+1 7
+1 7
+1 7
+1 7 7
+1 7
+1 7
+1 7 7 1
+2 18
+1 18 18 7
+1 6
+1 6
+1 6
+1 6 6
+1 6
+1 6
+1 6 6
+2 18
+1 18 18 9
+1 7
+1 7
+1 7
+1 7 7 3
+1 3
+1 3
+1 3 3
+2 14
+1 14 14 6
+1 8
+1 8
+1 8
+1 8 8 4
+1 1
+1 1
+1 1 1
+2 7
+1 7
+1 7
+1 7
+1 7
+1 7
+1 7 7 4
+1 3
+1 3
+1 3
+1 3
+1 3
+7 3
+2 4
+4 11
+1 11 11 7
+1 2
+1 2
+1 2
+1 2
+1 2
+1 2
+1 2
+1 2
+1 2
+1 2
+1 2
+4 13
+1 13

fl=(10) /build/glibc-S7Ft5T/glibc-2.23/elf/../sysdeps/x86/cpu-features.c
fn=(20) init_cpu_features.constprop.0
46 2
+16 1
-16 4
+16 1
-16 1
+19 1
-3 1
+3 8 1 1
176 3 1
+1 1
+3 2 1
+1 1
+2 2 1
+1 7
+7 3 1
+4 2
+2 4 1 1
+41 2 1 1
+75 2 1 1
+11 1
+2 1
-1 1
+2 8
-85 4
+1 2 1
+3 1
+2 1
-2 3
+2 2
+3 2 1 1
-50 2 1
+1 1
+6 3 1
+2 1
+3 3 1
+16 2 1
+1 1
+2 2 1 1
+81 2 1
+1 2 1 1
+4 2
30 2
+4 1
-4 1
+5 1
-1 1
+2 1
-1 1
+1 1
-2 1
+1 1
+1 1
+1 1
-7 2
+3 1
+4 1 1
+5 1
+32 2
-32 1
+27 1
+5 1 1
+3 1
+1 7 1 0 1 1
+57 2
-66 2
+44 2 1 1
314 2 1 1

fl=(21) /build/glibc-S7Ft5T/glibc-2.23/posix/../sysdeps/unix/syscall-template.S
fn=(62) uname
84 4 1
+1 1

fl=(37) /build/glibc-S7Ft5T/glibc-2.23/misc/../sysdeps/unix/sysv/linux/wordsize-64/mmap.c
fn=(122) mmap
33 13
-1 130
+1 35 13 6
+1 130 13 1
+2 91
-3 22 9 7

fl=(25) /build/glibc-S7Ft5T/glibc-2.23/string/../sysdeps/x86_64/memcpy.S
fn=(70) mempcpy
61 40
+4 40 40 6
+3 38
+1 38 38 19
+2 13
+1 13
+2 13
+1 13
+5 13
+1 13 13 2
-1 25
+1 25 25 5
+2 27
+1 27
+2 27
+1 27
+5 27
+1 27 27 9
-1 11
+1 11 11 7
+2 14
+1 14
+2 14
+1 14
+5 14
+1 14 14 9
-1 24
+1 24 24 6
+2 19
+1 19
+2 19
+1 38
+5 19
+1 19 19 6
-1 19
+1 25 19 14
+5 6
+1 6
+1 6
+1 6
+2 6
+2 6
+1 6
+2 6 6
+6 38
+4 38
+12 6
+2 6
+1 6 6 5
+26 6
+1 6 6
+3 6
+1 6
+1 6 6
+5 7
+2 7
+1 7
+1 7
+1 7
+2 7
+1 7
+1 7
+1 7
+2 7
+1 7
+2 7 7 6
+2 1
+2 1
+1 1
+1 1
+1 1
+2 1
+1 1
+1 1
+1 1
+2 1
+1 1
+2 1 1 1
+5 6
+2 6 6 5
+2 2
+7 2

fl=(12) /build/glibc-S7Ft5T/glibc-2.23/elf/../misc/sbrk.c
fn=(24) sbrk
34 4
+8 6 2
+4 2 1 1
+16 5

fl=(13)
fn=(28)
30 3
+3 10 3 2
+13 65
-13 195 65
+2 134 67 22
+1 28 14 4
+5 2
-3 2
+3 2
+2 2
-12 1
+19 1

fl=(34) /build/glibc-S7Ft5T/glibc-2.23/elf/dl-misc.c
fn=(142) _dl_sysdep_read_whole_file
45 2
+7 1
-7 3
+7 1
-7 3
+7 1
cfi=(24)
cfn=(112) open
calls=1 +32 
* 5 1
+1 2 1
+2 5
cfi=(36) /build/glibc-S7Ft5T/glibc-2.23/io/../sysdeps/unix/sysv/linux/wordsize-64/fxstat.c
cfn=(120) _fxstat
calls=1 -21 
* 10 2
* 2 1
+2 1
+3 1
-3 1
+3 1 1 1
+13 2
cfi=(24)
cfn=(130) close
calls=1 +11 
* 5 1
+3 7
-14 6
cfi=(37)
cfn=(122)
calls=1 -29 
* 33 3 2
* 2

fn=(108) _dl_name_match_p
288 450
+1 180
cfi=(19)
cfn=(54)
calls=90 144 
* 3264 388 93 47 37
* 90
+1 90
-1 90 90
+3 90
+2 180 90 15
+4 91
-4 182 91 18
+1 294
cfi=(19)
cfn=(54)
calls=98 144 
* 3670 439 63 52 14
* 196 98 19
-5 7
+11 118
-1 83
+1 332

fl=(28) /build/glibc-S7Ft5T/glibc-2.23/string/../sysdeps/x86_64/multiarch/../strchr.S
fn=(82) index
24 13
+1 13
+1 13
+1 13
+1 13
+1 13
+1 13
+1 13 13
+1 13
+1 13
+1 13
+1 13
+1 13
+1 13
+1 13
+1 13
+1 13 13 7
+1 6
+4 6
+1 6
+1 6
+1 6
+2 6
+4 7
+1 7
+1 7
+1 7
+1 7
+1 7
+1 7
+1 7
+1 7
+1 7
+1 7
+1 7
+1 7
+1 7
+1 7
+1 7
+1 7
+1 7
+1 7
+1 7
+1 7
+1 7
+1 7
+1 8 7 5
+5 1
+1 1
+3 1
+1 1
+1 1
+1 1
+1 1
+1 1
+1 1
+1 1
+1 1
+1 1
+1 1
+1 1
+1 1
+1 1
+1 1
+1 1
+1 1
+1 1
+2 1
+1 1 1 1
-20 1
+1 1
+1 1
+1 1
+1 1
+1 1
+1 1
+1 1
+1 1
+1 1
+1 1
+1 1
+1 1
+1 1
+1 1
+1 1
+1 1
+1 1
+2 1
+1 1 1
+2 1
+1 1
+1 1
+1 1
+1 1
+1 1
+1 1
+1 1
+2 1
+1 1
+1 1
+1 1
+1 1
+1 1
+1 1
+1 1
+1 1
+1 1
+3 1
+4 1
+1 1
+1 1
+1 1
+2 1
-9 6
+4 6
+1 6
+1 6
+1 6
+2 6

fl=(6)
fn=(172)
806 1111
568 101
806 404
568 505 101 1
+1 101
-1 101
+1 303
-1 303 101 9
+1 1285
-1 1285
+1 3855
-1 4057 1285 131
808 101
+4 101
+4 101
-8 101
+1 202
+7 277 189 10
+7 101
-2 101
+2 101
-2 101 101
+6 101
-7 101
+7 202 101
-7 606
+15 11 11 2
-8 55 11 2
+2 1414
cfn=(174) do_lookup_x
calls=101 355 
* 44375 6813 444 75 45
+3 303 101 2
+26 202 101 2
+22 90
+1 630 180
+31 90
+9 450 90
+14 270 90 1
+3 360 90 1
+5 90
+2 808
-85 77 22 2
+16 11
+1 22
+59 2

fn=(10)
956 15 5
+4 5
+4 10
+2 5
-1 5
+3 15 5
+1 5
+1 5
+3 5
-3 5
+7 5
-4 5
-1 5
+3 5
+2 5
-7 5
+7 5
+1 5

fn=(174)
355 707
+1 101
-1 505
+48 101
-30 101
-11 101
+41 101
+7 202
-7 202
-30 404
+37 404
-44 202
+3 202 101
-3 636
+3 636 318
+4 838 419 15
+4 838 419
+4 838 419 2
+6 1257 419
+8 419
-4 419
+1 419
+3 838
+1 1257
+3 419
+1 838 419
+2 838
+8 419
-8 419
+8 4190 419 99
-99 329
553 2266 865 52
+1 108
cfi=(34)
cfn=(108)
calls=54 288 
* 5384 688 60 60 32
* 162 54
+3 987 329 24
+3 11
+1 808
-92 180 90
+50 672 246 18
+4 36 12
+12 180
+1 90
+1 180
413 564
+2 188 94 2
+2 1196
+13 270 90 2
-10 900 180 74
+2 180
+1 450
-1 90
+1 630
-1 90
+1 270
cfn=(176) check_match
calls=90 92 
* 8205 1140 88 15 13
+4 270 90 6
+34 4 2 2
+94 14
439 810

fn=(176)
92 720
+3 630 180 6
+12 540 90
+3 452 90 12
cfi=(19)
cfn=(54)
calls=23 +34 
* 888 105 31 8 6
* 46 23
+5 90
-1 90
+1 90 90 3
+2 176 88
+19 176
+1 704 88 8
+46 90
-7 90
+7 450
-18 4 2
+2 2
+1 8
-1 10 2 2
-29 264
cfi=(19)
cfn=(54)
calls=88 +6 
* 2421 294 26 7 7
* 264 88

fl=(141)
fn=(562)
130 8
+17 1
+3 15 2 1
+3 2 0 0 1 1
cfi=(2)
cfn=(50)
calls=1 704 
* 2
+2 1
+3 2 1
+2 6 1 1
+8 1
-3 1
+3 8
+7 10 5
+2 10 5
+2 5
+1 5
+5 5
-6 5
-6 5
+8 5
-8 11 5 5
+14 9 2
+1 2 1 1
+4 1
31 1
+2 1
192 1
33 1 1
+6 1
-1 1
+2 1
-2 2
+1 8
+1 1
cfi=(26) /build/glibc-S7Ft5T/glibc-2.23/string/../sysdeps/x86_64/multiarch/../memset.S
cfn=(72) memset
calls=1 +13 
* 15 3 2
* 1
+77 20 4 1
+3 24
cfi=(26)
cfn=(72)
calls=3 -67 
* 54 14 8
* 8
-76 12
+1 12
+4 16 8
+6 8
+1 8 4 1
+2 30
+1 15 6 3
+2 30 10 3
+1 21 7 6
201 3 0 0 1 1
cfi=(2)
cfn=(52)
calls=1 710 
* 2
+5 3 1
81 4
208 1
+2 3 1
-2 4
+2 12 4
+3 10
+3 15 5 3
+4 6 3
+9 3
+3 3
-3 3
+3 6
+2 12 3
+1 6 0 0 3 3
cob=(4)
cfi=(77)
cfn=(598)
calls=1 0 
* 78 11 4 1 1
cob=(5) /home/linuxbrew/.linuxbrew/Cellar/valgrind/HEAD-9fd4181/libexec/valgrind/vgpreload_core-amd64-linux.so
cfi=(67) ???
cfn=(576) 0x00000000000010e0
calls=1 0 
* 78 11 5 1 1
cob=(6)
cfi=(78)
cfn=(564) 0x00000000004015c0
calls=1 0 
* 13 2 1
-1 12 3
+5 6 3
+1 9 0 0 3 3
cob=(2)
cfi=(16)
cfn=(614)
calls=1 0 
* 3
cob=(2)
cfi=(16)
cfn=(596)
calls=1 0 
* 3
cob=(2)
cfi=(16)
cfn=(574)
calls=1 0 
* 3
+6 30 10 2
+16 10
-56 13 5 4
+11 6 2 1
92 18 6
+21 6
-57 15 6 3
268 4 1
+2 1
-2 2 1
+6 2 1
+7 8

fl=(36)
fn=(120)
34 4
-1 4
+1 4 4
+1 24 4
+4 4

fl=(41) /build/glibc-S7Ft5T/glibc-2.23/io/../sysdeps/unix/sysv/linux/wordsize-64/xstat.c
fn=(138) _xstat
34 8
-1 8
+1 8 8
+1 48 8 4
+4 2
-4 24

fl=(26)
fn=(72)
53 17
+1 17
+1 17
+1 17
+1 17
+2 17
+1 17 17 4
+1 15
+1 15 15 13
+1 1
+1 1
+1 1
+1 1 1
+2 1
+9 2
+1 2
+1 2
+1 2
+1 2
+1 2
+1 2
+1 2
+1 2
+1 2
+1 2
+1 2
+1 2
+1 4 2
+3 2
+1 2
+1 2
+1 2
+1 2
+1 2
+1 2 2 1
-6 34
+1 34
+1 34
+1 34
+1 34
+1 34
+1 34 34 7
+1 2
+3 14
+1 14
+1 14 14 7
+1 6
+1 6 6 5
+1 2
+1 2 2 2
+3 2
+1 2 2
+1 2
+1 2
+2 4
+1 4
+1 4
+2 8
+1 8
+1 8

fl=(44)
fn=(158) match_symbol
76 66
+9 6
-8 6
-1 12
+1 6
+8 6 6
+6 18 6
+15 6
+1 12 6
+2 6
+5 12 6
+14 84 42 6
+12 108 36
+4 36
-30 72 36 7
+19 30
cfi=(19)
cfn=(54)
calls=6 +11 
* 193 23 5 1 1
* 12 6
+35 48

fn=(156) _dl_check_map_versions
189 15 5 1
-15 45
+17 5
+3 15
-3 5
+2 5
+1 5
+2 5
-3 5
+3 5 5 2
+3 6
+4 3
-4 3
+4 12 3
+17 3
56 6
220 3
56 15 3 3
220 1
56 2
220 1
56 5 1 1
+1 14
-1 28 14
+2 54
cfi=(34)
cfn=(108)
calls=18 288 
* 1844 232 42 16 8
* 40 18 6
228 12 4
+5 32
+19 2
-15 75 6 5
cfn=(158)
calls=1 76 
* 124 17 4 1 1
* 20
cfn=(158)
calls=5 76 
* 615 150 14
* 6
+7 36
+3 18 6 3
+9 24 4 3
+5 3
+1 1
+8 6 3 1
+3 12
+10 33
-7 132
+3 99 33 16
-3 12
+3 9 3 3
+8 12 4 4
+87 8
-81 16
cfi=(17)
cfn=(36)
calls=4 103 
* 152 16 6 8
* 4 0 0 4
+1 4
-2 4
+2 4 4
+11 4
+2 4
-5 4
+3 4
+2 4
-2 4
+2 4 4 1
+3 12
+4 12
+18 2
-15 6
+2 6 2
-2 12
+2 12 4
+2 6
+1 6
-1 12
+1 6
-1 6
+1 6
+1 6
-2 6
+2 12
+1 18
+3 18 6 2
+8 12 4 3
+5 1
+1 1
+4 12 4 1
+3 12
+20 33
-14 72 36 1
-2 33
+7 66
+1 33
-1 99
+1 33
-1 33
+1 33
+1 33
+3 108 36 14
+10 36
183 2
-8 2
+95 4 2 1
-80 2

fn=(154)
380 5
+4 7 1
+2 35 5 1
cfn=(156)
calls=5 189 
* 4477 629 137 29 9
-2 5
+2 15
-1 5
-1 10 5 5
+5 7

fl=(23) /build/glibc-S7Ft5T/glibc-2.23/elf/dl-hwcaps.c
fn=(66) _dl_important_hwcaps
39 6
+3 1
-3 2
+3 1
-1 1
+1 1
+9 1
-12 4
+12 2 1 1
+10 4 1 1
162 2 1 1
-47 3
cfi=(24)
cfn=(68)
calls=1 -31 
* 9 1 1
* 2 1 1
+55 3 1
+2 2
+1 5
+4 2
+4 1
-4 1
+1 1
+3 1 1
+3 1
+1 1
-1 1 1
+4 3
+1 1
-1 9
+1 1 1 1
+18 10
+1 2
-1 1
+1 3
cfi=(17)
cfn=(40) malloc
calls=1 94 
* 29 3 1 1
* 1 0 0 1
+1 1
-1 1
+1 5 1
+29 1
+3 1
-3 2
+3 1 1 1
+23 7
+6 2
-1 2 1 1
+1 6
-1 8 3 2
+5 6
+3 1
-3 1
+3 1 1
-3 3
+3 1
-3 1
+3 5 1
+1 12 4 1
+1 4
-1 4
+1 8
-2 4
+1 8 4 1
-1 14 4 2
+4 4 2 1
+4 1
-1 1
+2 1
-2 1
+1 1
+1 1
-2 1
+2 10 1 1
+13 2
+1 1
-1 1
+3 2 1 1
-3 2
+1 1
-1 1
+3 2 1
+3 4
+3 1
-1 1
+1 9
113 1
+17 1
+1 1
-1 9
243 6
cfi=(25)
cfn=(70)
calls=1 61 
* 22 6 3
* 4
cfi=(25)
cfn=(70)
calls=1 61 
* 18 6 4
+1 4
cfi=(25)
cfn=(70)
calls=1 61 
* 22 6 3
* 4
cfi=(25)
cfn=(70)
calls=1 61 
* 18 6 4
* 12

fl=(40)
fn=(132)
161 1
-1 1
+1 1
-1 4
+1 1
-1 2
+1 1
-1 2
+1 1
-1 2
+1 3
-15 1
+15 1
-17 1
+1 1
+1 1
+6 4
+26 1
-26 1
+26 7 1
-34 1
+2 1
+33 2
-33 1
-2 1
+2 2
-2 1
+1 1
+1 1
+6 3
+26 1
-26 1
+26 5 1
+4 1
+21 1
+1 1
-22 2
+19 1
-12 1
+15 1
-16 2
+13 1
317 9
217 1
-4 1
-4 1
+8 5 1 1
-4 4
-4 4
+8 4 4 4
+12 10 5 2
+2 3
+11 3
-5 3
-6 6
+5 3
+2 6
+1 6
+3 21 3
+50 15 5 2
+1 9
-51 320 80 3
+1 160 80 8
+6 25
cfi=(28)
cfn=(82)
calls=5 24 
* 163 12 4
* 10 5 1
+5 25
-3 5
+3 5
cfi=(32)
cfn=(98)
calls=5 -91 
* 12337 2131 525 49 12
+2 15 5
+15 5
+2 10 5 2
+5 3
+6 3
+2 3
-8 6
+3 3
+1 3
+1 3
+1 3
+4 18
+7 225 75 8
459 15 5 2
+2 9
+2 9
cfi=(17)
cfn=(40)
calls=3 94 
* 87 9 3 3
* 3 0 0 3
+2 3
-2 3
+2 3 3
+4 12
-1 3
+1 3
cfi=(18)
cfn=(46)
calls=3 61 
* 68 20 9
+1 15
cfi=(18)
cfn=(46)
calls=3 61 
* 68 20 11
+4 3
-1 3
+5 28 5 5
+7 6 2
+1 1
+3 5 1 1
+10 4
cfi=(17)
cfn=(40)
calls=1 94 
* 29 3 1 1
* 1 0 0 1
+3 1
-3 1
+3 1 1
+5 6
+1 1
-1 3 1
+1 2
+8 2
+4 3
-4 1
-6 3 1 1
-2 4
+8 8
+4 12
-4 4
-6 12 4 3
+13 3 1
+51 3 1
+2 3 1 1
+42 1
-4 1
+5 2
-1 4
+1 2
cfi=(26)
cfn=(72)
calls=1 53 
* 15 3 2
* 1
-2 9
+7 1
-1 1
+1 1
-1 2
+7 1
-7 1
+7 2 1
-13 3
+7 3
-1 3
+1 3
-1 6
+7 3
-7 3
+7 9 3 1
+2 12
+1 6 3 3
-1 12
+1 9 3
+2 30 10 3
+1 21 7 7
+28 27
cfi=(26)
cfn=(72)
calls=3 53 
* 54 14 7
* 15
-6 6
-28 12 6 4
+31 14 4 1
-6 2
+16 2
+2 1
+1 1
-1 1
+2 3 1 1
+7 3 1 1
+3 3 1
+3 8
481 12 4 4
-1 5
+1 11 5 4
202 2
+27 8 4
-19 4
+8 32 14 2
+2 3
+2 12 3 1
+2 30 2
338 8
611 8
cfi=(18)
cfn=(46)
calls=1 61 
* 42 11 8
+2 1
-38 1
+38 1 1 1
209 2

fn=(134) openaux
60 10
+7 5
-4 55
cfi=(22)
cfn=(106)
calls=5 2189 
* 11942 2126 525 39 11
* 5
+5 10

fl=(80) /build/glibc-S7Ft5T/glibc-2.23/elf/../elf/dl-runtime.c
fn=(302) _dl_fixup
66 16
+5 16
-5 8
+3 16
+3 8
-1 16
-3 8
+5 48
+1 8
-1 8
+1 16
+5 16 8
+4 16 8
+4 24 8
+4 8
+1 40
+2 32
+7 16
-1 8
+1 8 8
+10 72
cfi=(6)
cfn=(172)
calls=8 806 
* 8248 1141 98 57 39
* 8
+4 40 8
+10 48 16
+16 8
-8 8
+8 24 8 1
+4 24 8
fi=(5)
+92 8
fe=(80)
-88 24
fi=(87) /build/glibc-S7Ft5T/glibc-2.23/elf/../sysdeps/x86_64/dl-irel.h
32 1 0 0 1 1
cob=(3)
cfi=(47)
cfn=(180)
calls=1 +6 
* 66 6 4
* 1
fe=(80)

fl=(27) /build/glibc-S7Ft5T/glibc-2.23/string/strdup.c
fn=(76) strdup
40 28
+1 7
cfi=(11) /build/glibc-S7Ft5T/glibc-2.23/string/../sysdeps/x86_64/strlen.S
cfn=(22) strlen
calls=7 +25 
* 298 24 11
* 7
+1 14
cfi=(17)
cfn=(40)
calls=7 +52 
* 254 25 7 7
* 7 0 0 7
+2 14 7
+4 7
-1 14
+1 14
-1 14
cfi=(18)
cfn=(46)
calls=7 +14 
* 336 62 24

fl=(7)
fn=(12)
86 8
+25 1
-1 1
+1 210 68 10
+6 1
-3 1
+1 1
-4 1
+3 1
+3 4 1
+1 2
-1 25
+1 108 19 2 17 13
-1 106 29 12
+62 1
+1 1
-1 1
+1 1
-29 1
+1 2
+11 1
+1 1
-1 1
+1 1
-7 1
+1 1
-1 1
+1 1
-4 1
+1 2
-25 1
+1 2
-4 1
+1 2
-7 1
+1 1
+2 1
+1 1
fi=(8)
-90 2
cfi=(9) /build/glibc-S7Ft5T/glibc-2.23/elf/../sysdeps/unix/sysv/linux/x86_64/brk.c
cfn=(16) brk
calls=1 -4 
* 11 2
fi=(5)
225 5 2 1
+4 1
cfi=(10)
cfn=(20)
calls=1 46 
* 134 22 9 1 1
fe=(7)
+2 3 1
+1 1
cfi=(11)
cfn=(22)
calls=1 66 
* 32 2 1
* 1
+2 2
cfi=(12)
cfn=(24)
calls=1 34 
* 17 3 1
* 3 1
+12 3 1
+3 5 0 0 1 1
cfi=(2)
cfn=(26)
calls=1 790 
* 115010 19368 2072 293 68
+2 9
-11 2

fn=(232)
256 1

fl=(33) /build/glibc-S7Ft5T/glibc-2.23/setjmp/../sysdeps/x86_64/setjmp.S
fn=(102) __sigsetjmp
26 6
+9 6
+1 12
+1 6
+4 6
+1 6
+1 6
+1 6
+1 6
+2 12
+2 6
+1 6
+1 6
+2 12
+2 6
+4 6
+1 6

fl=(8)
fn=(60)
45 7
+2 3 1 1
+85 8
-45 3
cfi=(21)
cfn=(62)
calls=1 -3 
* 5 1
* 1
+15 1
-15 1 1
+20 1
-1 1
+3 12 3
+4 3
-2 6
+2 10 3 2
+2 1
+1 2
-3 4 1
+7 3
-1 3
+4 3
-2 3
+2 10 5 3
+5 2 1 1

fl=(29)
fn=(92)
74 2

fn=(88)
50 10 5 5
+5 8 4 4
+5 2
-1 1
+1 2
+1 2
-1 1
+4 1
-13 5
+4 10 5 3
+4 1
-1 1
+1 5 1 1

fl=(30)
fn=(148) _dl_next_tls_modid
49 1
+3 4 1
+48 1
+4 2

fn=(230)
450 2 1
-1 7
+5 1
+6 3
-6 1
+6 1 1
-4 1
+16 1
-15 3
+20 6 1
+6 16 2 1
+3 1
+1 2 1
+6 3 1
+3 1
-2 2
+2 4
+1 1
+3 1
-1 3 1 1
+4 2 1
+1 4 1
+2 2 1 1
+9 6
cfi=(25)
cfn=(70)
calls=1 61 
* 23 7 5
* 4
cfi=(26)
cfn=(72)
calls=1 53 
* 30 3 1
* 2
-38 3 1 1
+52 2
+2 1
+1 8

fn=(200)
890 3
+9 1
-9 1
+6 2
+8 5 1
+41 1
+1 3
+1 4

fn=(164)
354 3
+2 1
+11 3
cfi=(17)
cfn=(44) __libc_memalign
calls=1 52 
* 76 7 3
* 1 0 0 1
+1 2 1
+7 2
+4 1
-57 1
+57 296 288 10
-58 2
+1 2
cfi=(17)
cfn=(36)
calls=1 103 
* 38 4 2 2
* 1 0 0 1
+1 2 1
+3 1
+6 2
+64 5

fn=(90)
115 2 1
+1 2

fn=(162)
138 7
+6 3 1
+3 2 1
+36 3 1
+2 10 1
+3 1
-1 1
+5 2
-5 3
+3 3
+2 5 1
+16 3
+2 2
-2 2
+2 2 1 1
+10 1
-37 2
+25 1
-25 4 1
+40 4
+1 1
+51 1
+1 8

fl=(22)
fn=(116) _dl_map_object_from_fd
893 33
+10 3
-10 3
+10 3
-10 9
+10 3
cfi=(29)
cfn=(88)
calls=3 50 
* 24 9 8
fi=(35) /build/glibc-S7Ft5T/glibc-2.23/elf/../sysdeps/posix/dl-fileid.h
37 9
fe=(22)
903 3
fi=(35)
37 3
cfi=(36)
cfn=(120)
calls=3 -3 
* 30 6
* 6 3
+4 3
fe=(22)
919 3
fi=(35)
40 3
+1 3
fe=(22)
919 48 12 5
+1 18 9
fi=(35)
49 24 12 7
fe=(22)
1465 24
937 6 3
+24 6 3
+10 6 3 2
+22 12 3
+32 6 3
904 3
1028 21
cfi=(15)
cfn=(32)
calls=3 61 
* 1299 180 79 15
+1 3
-1 3
+1 3 3
+11 6
+1 3
-1 3
+2 3
-1 3
+4 3
-1 6
-2 3
+2 6
+1 9 3
+1 3
+19 3
-2 3
+10 3
-8 18
+8 3
-8 9
+8 3 3
+87 3
+8 3
-8 12
+8 3
-8 9
-86 45 21 5
-1 208 26 2
+1 147 73 26
+6 6
+1 9
+1 3
+9 40 8
+5 64 8
+9 24
-1 24
+1 8
+1 16
+2 8
-2 8
+1 8
-1 8
+3 8
+4 8
-7 8
+2 8
+1 8
+4 8 8 3
+1 30
+4 15
-14 5
+14 30
+11 5
-11 9
-14 3
+14 18
+11 3
-44 2
+1 1
+46 3 1
+4 1
+1 1
+1 1
-1 2
+1 1 1
+3 3
+1 1
+3 1
-3 1
+7 4 1
+6 1
cfi=(30)
cfn=(148)
calls=1 49 
* 8 1
* 2
+1 1
+59 6
+1 9
+1 3
-6 6
+1 3
+8 9 3
1041 3
1229 3
1041 3
1229 3 3
+10 9
fi=(38) /build/glibc-S7Ft5T/glibc-2.23/elf/./dl-map-segments.h
56 6
fe=(22)
1239 9
fi=(38)
56 3
fe=(22)
1239 3
fi=(38)
56 3
fe=(22)
1239 6
fi=(38)
56 18
cfi=(37)
cfn=(122)
calls=3 -23 
* 103 11 5
+4 3
-4 3
+4 6 3
+3 6
+1 3
+2 3
-2 3
-1 3
+3 3 3 2
+10 6
fi=(39) /build/glibc-S7Ft5T/glibc-2.23/elf/./dl-load.h
+14 16 8 3
+1 9
+2 16 8 3
fi=(38)
+7 32 8 5
+6 3
+2 3
-2 3
+1 3
+2 3
-1 3
+1 3
-1 9
+8 6 3 2
+17 6 3 1
+12 8
-59 40 8 3
+2 10
+2 5
-2 10 5 1
+2 50
cfi=(37)
cfn=(122)
calls=5 -57 
* 155 10
* 15 5 3
fe=(22)
1251 12 3 1
+9 6
fi=(3)
39 3
fe=(22)
1260 3
fi=(3)
39 3 3
+6 3
-2 3
+2 6 3
+15 3
+5 3
+3 3
-1 3
-3 3
-3 62
+10 14
-26 42 14 3
+16 55
+10 55
-26 165 55
+26 3
-26 9 3
+2 144 72 27
+13 68 17 7
+2 12 3 2
+3 12 3 2
+13 6 3
+20 11 3 1
+1 12 3
+1 12 3
+1 12 3
+2 12 3
+5 11 3 1
+1 11 3 1
+1 12 3
+6 9 3 1
+5 4 2
+7 6 3
+1 9 3
+16 9 3 1
+5 2
+2 2
-2 2
+2 2 2 2
+2 4 2 2
+2 4 2
+3 9 3 2
+10 1
-8 4
+8 1 1
+5 2 1
+3 6 3 2
fe=(22)
1267 6 3 3
+15 9 3
+19 6
+2 15 3
+54 9 3 2
+1 2
+3 2
cfi=(24)
cfn=(130)
calls=1 84 
* 5 1
* 4
cfi=(24)
cfn=(130)
calls=2 84 
* 10 2
* 6 3
+9 6 3
+2 9
+2 3
-2 3
+2 3 3
+16 6
cfi=(6)
cfn=(10)
calls=3 956 
* 69 6
+4 6 3
+1 6 3 2
+17 6 3 1
+9 3
-5 9
+5 3 3
+10 6 3
+10 9
cfi=(15)
cfn=(48)
calls=3 32 
* 129 12 9 6
+4 12 3 3
fi=(3)
68 12 3
+2 15
fe=(22)
1413 2
fi=(38)
119 6 3
+8 24
cfi=(26)
cfn=(72)
calls=3 -74 
* 298 43 13
* 12
-54 8
-1 12
cfi=(43)
cfn=(146)
calls=2 +12 
* 10 2
* 2
fi=(39)
+22 10 2
+1 22 2
+3 8
fi=(38)
+39 9
cfi=(37)
cfn=(122)
calls=1 33 
* 31 2
+3 3 1 1
fe=(22)
1255 4

fn=(78) fillin_rpath
444 14
+2 2
-2 18
+4 6
cfi=(17)
cfn=(80) strsep
calls=2 -94 
* 919 268 28
* 9
cfi=(17)
cfn=(80)
calls=3 -94 
* 356 97 9
* 15 5 2
+7 6 3 3
+35 36 12 4
+1 24 10 10
cfi=(14)
cfn=(30)
calls=1 24 
* 53 16 1
* 2 1
+7 2 1 1
+48 6
+2 6
cob=(2)
cfi=(16)
cfn=(84)
calls=3 0 
* 41 6 1 3 1
* 3
-39 8 2
cfi=(11)
cfn=(22)
calls=2 66 
* 32 4
* 4
+4 4
-1 8
cfi=(17)
cfn=(40)
calls=2 94 
* 58 6 2 2
* 2 0 0 2
+3 2
-3 2
+3 4 2
+5 2
+1 4
-2 2
+2 2
cfi=(25)
cfn=(70)
calls=2 61 
* 84 18 7
+3 2
-3 2
+1 2
+2 2 2 1
+1 1
+5 2
+1 1
-1 2
+1 2 1
-1 2
+1 1
-1 2
+1 24 3
+1 22 8 2
-1 4 2 2
+3 4
+1 6 2
+1 10
cfi=(18)
cfn=(46)
calls=2 61 
* 36 12 7
* 2
+6 2
+1 2
-1 4
383 9
cfi=(28)
cfn=(82)
calls=3 24 
* 141 9 5
* 6 3
+4 6
cfi=(27)
cfn=(76)
calls=3 40 
* 370 46 12 6
* 3
+74 6 3
+5 6
cfi=(11)
cfn=(22)
calls=3 66 
* 102 9 3
+1 6 3
+7 18 6
+9 3
-4 9
+4 6 3 2
+69 2
+3 18
-24 4
-57 6

fn=(64)
689 1
+13 2
-13 8
+13 3
cfi=(23)
cfn=(66)
calls=1 39 
* 398 61 32 2
+5 1
-5 1
+5 1
cfi=(17)
cfn=(40)
calls=1 94 
* 29 3 1 1
* 1 0 0 1
+1 1
-2 1
+2 2 1
+8 1
-1 1
+1 3
-1 3
+4 4
cfi=(17)
cfn=(40)
calls=1 94 
* 29 3 1 1
* 1 0 0 1
+2 1
-2 1
+2 1 1
+17 2
+9 2
-19 1
+11 1
-1 1
+3 1
+1 1
-15 2
+23 1
-9 1
+9 5
-3 17 1
cfi=(26)
cfn=(72)
calls=4 53 
* 60 12 6
+3 27 4 1
-14 3
+2 3
+1 3
+2 6
-3 3
+4 9
+4 3
-3 3
+3 3 3
+1 3
-4 9
+4 3 3 3
+14 1
-11 1
+6 1
+1 1
+5 1
-12 1
+12 1 1
+2 4 1
+2 3 1 1
+38 5 2
+6 3
cfi=(28)
cfn=(82)
calls=1 24 
* 47 3 2
* 2 1
+2 3
cfi=(11)
cfn=(22)
calls=1 66 
* 34 3 1
* 8
cfi=(18)
cfn=(46)
calls=1 61 
* 40 7
* 1
+17 277 31 10
+5 1
cfi=(17)
cfn=(40)
calls=1 94 
* 29 3 1 1
* 1 0 0 1
+1 1
-2 1
+2 1 1
+6 9
cfn=(78)
calls=1 444 
* 869 208 24 3
+4 5 1
+6 1
+4 8
-70 1
-2 1
+2 2 1
+5 1
-1 6
cfn=(74) decompose_rpath
calls=1 562 
* 2547 452 98 15 1
+7 2

fn=(110) open_verify.constprop.7
1717 165
+39 15
-39 45
+39 58 29 5
+31 60
cfi=(24)
cfn=(112)
calls=15 84 
* 123 15 2
+2 15
-2 15
+2 18 15 2
+10 3
+1 6
+5 24
cfi=(24)
cfn=(114) read
calls=3 84 
* 15 3
+2 6 3
+2 3
+2 3
-2 6
+2 3 3
+6 6 3
+16 12
cfi=(14)
cfn=(30)
calls=3 24 
* 90 27 10
* 27 6 2
cfi=(14)
cfn=(30)
calls=3 24 
* 108 36 3
* 6 3
+74 6 3
+5 6 3
+2 12 3
+6 6 3
+11 6 3
+6 3
+1 3
-1 12
+1 3
-1 3
+1 6 3
+1 9
+20 151 20 1
+2 53 25 15
+4 12 3
+1 9
+12 21
+4 9 3 1
+5 2
+1 2
-13 8
cfi=(14)
cfn=(30)
calls=2 24 
* 50 16 9
* 12
cfi=(14)
cfn=(30)
calls=3 24 
* 90 24 6
* 10 5 2
+16 4 2
+3 14
+3 6 2
+1 10 4
-39 3
+67 36
-23 12
+23 84
1826 2
+7 8
cfi=(14)
cfn=(30)
calls=2 24 
* 48 18 8
* 4 2 2

fn=(106)
2189 42
+8 6
-8 12
+8 6 6
+1 24 6
+3 93 21 7
+5 126 18
+2 54
cfi=(34)
cfn=(108)
calls=18 288 
* 2179 276 106 23 11
* 36 18 3
+4 30 15
+1 45 15 9
+3 6
+2 24
cfi=(19)
cfn=(54)
calls=6 144 
* 190 24 8 2 1
* 12 6 4
2500 48
2235 15 3 3
+9 3
-53 3
+53 6 3
+36 6
-2 3
+2 3
cfi=(28)
cfn=(82)
calls=3 24 
* 69 6
* 6 3 2
2431 2 1
383 3
cfi=(28)
cfn=(82)
calls=1 24 
* 108 5 2
* 2 1
+4 2
cfi=(27)
cfn=(76)
calls=1 40 
* 190 22 11 2
2432 1
-3 1
+3 2 1
+4 9
cfn=(110)
calls=1 1717 
* 319 69 23
+3 1
-3 1
+3 3 1
+12 3
+46 1
+1 3
-1 1
+1 9
cfn=(116)
calls=1 893 
* 1784 284 100 7
-1 2
+1 6
-1 2
+1 18
cfn=(116)
calls=2 893 
* 3160 549 154 14
* 12
2284 4
cfi=(11)
cfn=(22)
calls=2 66 
* 32 4
* 2
+2 2
-2 2
+2 2 2
+7 8 4 2
+36 24
cfn=(136) open_path
calls=2 2040 
* 514 84 10
+6 4
-6 2
+6 6 4
666 2
2336 2
666 4 2 2
2423 4 2
+28 6
+2 8 2
2297 2
+5 2
-5 2
+5 2 2
+3 4
-3 2
+3 36
cfn=(136)
calls=2 2040 
* 1996 326 86
+4 12 2
-7 6 2
666 2
2303 2
666 4 2
+3 4 2 2
2358 2
-14 2
+14 2 2
+2 6 2
+4 4
cfi=(42)
cfn=(140) _dl_load_cache_lookup
calls=2 185 
* 2667 596 112 4
+2 2
-2 2
+2 2 2
+4 4 2
+8 6 2
+23 20
cfn=(110)
calls=2 1717 
* 720 168 39
+4 2
-4 2
+4 6 2
+1 4
-89 6 2 2
+11 4 2 2

fn=(74)
562 7
+12 1
-10 1
+10 3 1
+31 4
cfi=(27)
cfn=(76)
calls=1 40 
* 185 20 9 2
+1 1
-1 1
+1 1 1
+7 8 1
+9 6 1 1
-9 134
+9 402 67 9
+6 2
cfi=(17)
cfn=(40)
calls=1 94 
* 29 3 1 1
* 1 0 0 1
+2 1
-2 1
+2 1 1
+8 9
cfn=(78)
calls=1 444 
* 1725 355 78 10 1
+4 2
cob=(2)
cfi=(16)
cfn=(84)
calls=1 0 
* 7 1 0 1
+3 4 1
+7 1
+2 1
+1 1
+1 8

fn=(136)
2040 32
+1 4
+6 4
-6 4
+6 4 4
+5 36
+52 4
-59 4
-1 4
+60 4
-52 32
+74 16
-62 4
-9 4
+9 6 4
-9 2
+9 2 2
+7 24
cfi=(25)
cfn=(70)
calls=6 61 
* 248 50 12
+1 6
-1 6
+1 30 6
+20 16 8 2
-20 94 24 4
+3 48 24 9
+5 24
-1 12
+1 24
-1 36
cfi=(25)
cfn=(70)
calls=12 61 
* 226 72 31
* 48
cfi=(25)
cfn=(70)
calls=12 61 
* 276 72 18
-1 12
+7 12
-7 12
+7 12 12
+3 108
cfn=(110)
calls=12 1717 
* 528 48 6
* 12
+2 60 12 4
+26 16
+2 8 4 2
+39 42 18
+7 6
-2 6
+2 18 6 2
+3 12 4
+14 4
-27 4
+27 28
-84 16 8
+1 72 8
+6 8
+2 8
-2 8
+2 16
-2 8
+2 8
cfi=(41)
cfn=(138)
calls=8 34 
* 98 16 4
* 16 8 2
+1 2
+2 2
-2 2
+2 14
+7 6
-7 6
+7 18
-30 6
+23 12

fl=(79)
fn=(300)
71 8
+3 8
+2 8
+8 8
+6 8
+1 8
+1 8
+1 8
+1 8
+1 8
+1 8
+4 8
+1 8
+3 8
+1 8
+2 8
+1 8
+1 8
+1 8
+1 8
+1 8
+2 8
+13 8
+1 8
+1 8
cfi=(80)
cfn=(302)
calls=8 -63 
* 8916 1219 103 58 40
+1 8
+5 8
+1 8
+1 8
+2 8
+1 8
+1 8
+1 8
+1 8
+1 8
+1 8
+2 8
+2 8
+4 8
+3 8 0 0 8 8

fl=(66) /build/glibc-S7Ft5T/glibc-2.23/elf/dl-init.c
fn=(242) call_init.part.0
28 25
+8 5
+3 5
-3 10
+3 15 5 1
+5 28 4 1
+5 6 3
+9 18 0 0 3 3
cob=(2)
cfi=(16)
cfn=(278)
calls=1 -58 
* 6 1 1
cob=(3)
cfi=(68)
cfn=(256)
calls=1 -6 
* 176 15 8
cob=(2)
cfi=(16)
cfn=(244)
calls=1 -58 
* 6 1 1
* 3
+4 6 3
+6 3
+2 6
-2 6
+3 15 3
+1 12 0 0 3 3
cob=(4)
cfi=(77)
cfn=(282)
calls=1 -72 
* 17 2 1
cob=(3)
cfi=(74)
cfn=(268)
calls=1 482 
* 1161 268 69
cob=(5)
cfi=(67)
cfn=(248) 0x0000000000001120
calls=1 -72 
* 17 2 1
* 4 0 0 1 1
cob=(3)
cfi=(76)
cfn=(276)
calls=1 -39 
* 4 1 1
* 4
-1 8 4 1
+3 30
-29 3 1 1
-5 3 1

fn=(240) _dl_init
80 11
+1 1
+1 1
+3 3 1 1
+8 2 1 1
+1 2
+25 18 6 1
+1 15
-90 26 5 1
cfn=(242)
calls=4 -2 
* 1526 305 84 5 5
* 4
+96 8
-96 2 1 1
+58 2
+16 1
cfn=(242)
calls=1 -76 
* 76 9 2 2 2
* 1

fl=(11)
fn=(22)
66 25
+1 25
+1 25
+1 25
+1 25
+1 25
+1 25
+2 25
+2 25 25 1
+30 24
+1 24
+1 24
+1 24
+1 24 24 17
+1 7
+1 7
+4 17
+1 17
+1 17
+1 17
+1 17
+1 17
+1 17
+1 17
+1 17
+1 17
+1 17
+1 17
+5 128 17 4
+4 1
+1 14
+1 8 1
+65 4
+1 4
+1 4
+1 4
+1 4
+1 4
+1 4
+1 4 4 1
+2 3
+2 3
+1 3
+1 3
+1 3
+1 3
+1 3
+1 3
+1 3 3 3
+5 1
+2 1
+1 14
+2 1
+1 1
+1 1
+1 1
-6 3
+1 42
+2 3
+1 3
+1 3
+1 3

fl=(43)
fn=(146)
84 28 7
+1 7

fn=(236) munmap
84 4 1
+1 1

fl=(1) ???
fn=(0) 0x0000000000000c30
0 2
cfi=(2)
cfn=(2)
calls=1 353 
0 116387 19641 2135 318 84
0 14
cfi=(66)
cfn=(240)
calls=1 80 
0 1699 328 91 7 7
0 3 0 0 1 1
cob=(6)
cfi=(78)
cfn=(292) (below main)
calls=1 0 
0 99660 20199 3280 308 129

fl=(19)
fn=(54)
144 312
+1 312
+2 312
+1 312
+21 312
+1 312 312 47
+1 251
+1 251 251 29
+1 202
+1 202
+1 202
+1 202
+21 202
+1 202
+1 202
+1 202
+1 202
+1 202
+1 202 202 40
+5 9
+1 9
+9 9
+1 9
+1 9
+1 9
+1 9
+1 9
+1 9
+1 9 9 1
-7 110
+1 110
+1 110
+1 110
+1 110
+1 110
+1 110
+1 110 110 1
+1 117 117 40
+1 63
+1 63
+1 63
+2 63
+1 63
+1 63
+1 63
+1 63
+1 63 0 0 63 36
-5 54
+1 54
+1 54
+1 54
+1 54
+1 54 0 0 54 30
+10 2
+1 2
+1 2
+2 2
+6 2
+1 2
+1 2
+1 2
+1 2
+5 2 2 1
+2 1
+1 1
+1 2
+8 1
+1 1
+3 1
+1 1
+1 1
+1 1
+1 1
+1 1 1 1
1071 1
+1 1
+1 1
+1 1
+1 1
+2 1
+1 1
+1 1
+1 1
+1 1
+1 1
+1 1 1 1
+1 1
+4 1
+1 1
+1 1
+6 1
+1 1
+1 2
+4 1
+1 1 1
+3 1
+1 1
+1 1
+3 1
+1 1
+1 1
+6 1
+1 1
+1 1
+1 1
+1 1
+1 1 1 1
+72 4
+1 4
+1 4
+1 4
+1 4
+2 4
+1 4
+1 4
+1 4
+1 4
+1 4
+1 4 4 2
+1 2
+4 2
+1 2
+1 2
+6 2
+1 2
+1 4
+4 2
+1 2 2
+3 2
+1 2
+1 2
+3 2
+1 2
+1 2
+6 2
+1 2
+1 2
+1 2
+1 2
+1 2 2 2
+72 17
+1 17
+1 17
+1 17
+1 17
+2 17
+1 17
+1 17
+1 17
+1 17
+1 17
+1 17 17 7
1446 6
+1 6
+1 6
+1 6
+1 6
+2 6
+1 6
+1 6
+1 6
+1 6
+1 6
+1 6 6 5
1571 32
+1 32
+1 32
+1 32
+1 32
+2 32
+1 32
+1 32
+1 32
+1 32
+1 32
+1 32 32 6
1696 11
+1 11
+1 11
+1 11
+1 11
+2 11
+1 11
+1 11
+1 11
+1 11
+1 11
+1 11 11 6
+1 1
+4 1
+1 1
+1 1
+6 1
+1 1
+1 2
+4 1
+1 1 1
+3 1
+1 1
+1 1
+3 1
+1 1
+1 1
+6 1
+1 1
+1 1
+1 1
+1 1
+1 1 1 1
+72 34
+1 34
+1 34
+1 34
+1 34
+2 34
+1 34
+1 34
+1 34
+1 34
+1 34
+1 34 34 10
+1 3
+4 3
+1 3
+1 3
+6 3
+1 3
+1 6
+4 3
+1 3 3
+3 3
+1 3
+1 3
+3 3
+1 3
+1 3
+6 3
+1 3
+1 3
+1 3
+1 3
+1 3 3 3
+72 4
+1 4
+1 4
+1 4
+1 4
+2 4
+1 4
+1 4
+1 4
+1 4
+1 4
+1 4 4 1
+1 3
+4 3
+1 3
+1 3
+6 3
+1 3
+1 6
+4 3
+1 3 3
+3 3
+1 3
+1 3
+3 3
+1 3
+1 3
+6 3
+1 3
+1 3
+1 3
+1 3
+1 3 3 2
+72 8
+1 8
+1 8
+1 8
+1 8
+2 8
+1 8
+1 8
+1 8
+1 8
+1 8
+1 8 8
+2 8
+4 8
+1 8
+1 8
+6 8
+1 8
+2 16
+4 8
+1 8 8
+3 8
+1 8
+1 8
+3 8
+1 8
+1 8
+6 8
+1 8
+1 8
+1 8
+1 8
+1 8 8 3
+74 19
+2 19
+1 19
+1 19
+1 19 19 5
-3 100
+1 100
+1 100
+1 100 100 12
+1 189
+5 63
+6 63
+1 63
+8 63
+1 63
-16 249
+6 249
+1 249
+8 249
+1 249

fl=(9)
fn=(16)
31 7 1
+8 1
-6 2 1
+7 1

fl=(42)
fn=(234)
322 4 1 1
-1 1
+3 2
cfi=(43)
cfn=(236)
calls=1 84 
* 5 1
+1 1
+2 2

fn=(140)
185 18
+8 4 2
+3 6 2 1
+45 4 1
+6 4 2
+9 2
+6 4
-6 8
+6 2
cfi=(24)
cfn=(68)
calls=2 84 
* 18 2 2
+19 2
-19 2
+19 284 27
cfn=(144) _dl_cache_libcmp
calls=18 138 
* 1270 354 44
* 88 43 11
-15 8
+15 28 4 2
cfn=(144)
calls=2 138 
* 142 40 8
* 14 4 1
-82 4
cfi=(34)
cfn=(142)
calls=1 45 
* 94 10 3
+8 1
-8 1
+8 4 2
+1 4
cfi=(14)
cfn=(30)
calls=1 24 
* 38 13 3
* 2 1
+7 1
-3 1
+3 3
+3 1
+1 2
-1 1
+1 1 1
+1 4
cfi=(14)
cfn=(30)
calls=1 24 
* 32 10 5
* 2 1 1
+61 42 12 4
+16 4 2
+4 4 2
+8 6
cfi=(11)
cfn=(22)
calls=2 66 
* 68 6 2
* 4
+1 2
-1 8
+1 4
cfi=(18)
cfn=(46)
calls=2 61 
* 114 23 13
+1 4
cfi=(27)
cfn=(76)
calls=2 40 
* 269 30 10 4
+1 16
-31 18 2 2

fn=(144)
138 60
+1 44 22 2
+2 194
+2 97
-2 97 97 18
+2 4 2
+6 2
+2 2
-1 2
-1 2
+1 2
+1 8 2 2
+2 10 2 2
+2 4 2 2
+6 190 95
+2 344 95 18
+4 77
+1 77
-29 154 77 8
+32 6
-7 36

fl=(24)
fn=(68)
84 16 4 4
+2 20

fn=(114)
84 12 3
+1 3

fn=(112)
84 64 16 2
+1 4
+1 60

fn=(130)
84 16 4
+1 4

fl=(32)
fn=(98)
163 12
+15 6
-3 12
+1 12
-13 12
+14 12
+1 6
+2 6 0 0 6 1
cfi=(2)
cfn=(100)
calls=6 664 
* 12
+2 6
-1 6
+4 6
-3 12
+3 6
-4 6
+4 6
cfi=(33)
cfn=(102)
calls=6 26 
* 120
* 18 6
+2 18 0 0 6 2
cfi=(40)
cfn=(134)
calls=5 60 
* 12027 2126 525 39 11
cfi=(2)
cfn=(104)
calls=1 496 
* 2931 447 164 13 1
+1 12
+2 6
+1 6
-3 6
+1 12
+1 6
+9 6
-8 6
+8 18

fn=(150)
205 10
+1 1 0 0 1 1
cfi=(2)
cfn=(100)
calls=1 664 
* 2
+5 1
-1 1
-4 1
+9 1
+2 1
-3 1
+3 1 0 0 1 1
cfi=(2)
cfn=(152)
calls=1 529 
* 4576 641 144 29 9
+2 1
+1 1
+1 8

fl=(15)
fn=(32)
61 56
+1 4
cfi=(11)
cfn=(22)
calls=4 +4 
* 116 11 3
+6 4
-6 8
+6 8 4 3
+7 16
cfi=(17)
cfn=(36)
calls=4 +28 
* 158 16 9 8 2
* 4 0 0 4 1
+3 4
-3 4
+3 4 4
+4 4
+5 8
-6 4
+6 4
-5 4
+3 8
+2 4
cfi=(18)
cfn=(46)
calls=4 -26 
* 139 31 17
+10 4
-10 4
+10 4
-8 4
+9 8
-1 12
+1 12
+3 4
-4 4
+1 4
+3 4 4 4
+9 4
-7 4
+4 4
+3 10 4 3
+2 2
-2 2 1 1
+2 30
-2 30 15 9
+12 4
+6 4
-5 4
-1 4
+6 20 4 1
+2 3
+3 3
-3 3
+3 3 3
-3 6
+7 9 3
+4 6 3 3
+2 5 1
+6 1
+6 1
-3 2
+3 5 1 1
-3 6
+3 6 3
+2 9
cfi=(11)
cfn=(22)
calls=3 -91 
* 136 11 5
+4 3
-4 12
+4 9 3
+64 6
+4 32
68 40
+34 11
+39 12 3 2
+70 9
cfi=(25)
cfn=(70)
calls=3 61 
* 124 25 13
* 53
+6 50
-1 50
+1 53 50 20
-1 3
+1 9 3 3
+5 6
-89 2 1 1
+32 6
cfi=(17)
cfn=(40)
calls=3 -71 
* 87 9 3 3
* 3 0 0 3
+1 3
-1 3
+1 9 3
+2 1
-35 2

fn=(48)
32 20
+2 8 0 0 4 1
cfi=(2)
cfn=(50)
calls=4 704 
* 8
+2 4
-2 4
+2 27 4 3
+3 27 9 6
+2 3
+2 3
+4 3
+4 3
-4 6
+1 3
+4 6
-4 3
+1 3
+3 3
-3 3
+2 3 0 0 3
cfi=(2)
cfn=(52)
calls=3 710 
* 6
-4 1
+4 1
-4 2
+1 1
+4 2
-4 1
+1 1
+3 1
-3 1
+2 1 0 0 1 1
cfi=(2)
cfn=(52)
calls=1 710 
* 2
-5 2

fl=(17)
fn=(86)
120 4
+2 12 4 1
+7 6
-3 5
cfi=(26)
cfn=(72)
calls=1 -73 
* 14 3
+1 1
+2 2

fn=(80)
354 10 5
+2 5
+1 10 5 2
+4 211 3
+7 381 127 8
-2 256 128 16
+6 2
+7 1
+4 1
-4 2
+4 4
-7 97
-15 295 97 11

fn=(44)
52 96
+1 127 32 1
+11 93
+3 31
-3 31
+3 62 31 3
-3 3
+3 1
-3 1
+3 118 30 26
+4 12
+1 6 3
+6 24
cfi=(37)
cfn=(122)
calls=3 -45 
* 99 9 7
+2 15 3
+4 9
+3 3
+1 3
+2 15
-3 29
+1 29
+2 145
-31 2
-1 5

fn=(36)
103 10
+8 30
-4 10
+4 20 10 9
+3 10
cfn=(40)
calls=10 -20 
* 347 34 13 10 1
* 10 0 0 10 1

fn=(40)
94 31
+1 62
cfn=(44)
calls=31 -43 
* 883 101 34
* 31 0 0 31 1

fl=(97)
fn=(378)
182 5 1
+1 4 1
+1 16 8 3
+1 2 1 1
+3 2 1
+4 1
-9 9 3 3

ob=(6)
fl=(78)
fn=(318) 0x00000000004015f0
0 11 1 1

fn=(332)
0 8 1 1
cob=(3)
cfi=(47)
cfn=(340)
calls=1 30 
0 3
0 1 0 0 1 1
0 4
cob=(3)
cfi=(88)
cfn=(346)
calls=1 39 
0 68955 15389 2517 48 21
cob=(1)
cfi=(79)
cfn=(300)
calls=1 71 
0 1109 147 9 8 6
0 5 0 0 2 1
0 20 14 8
cob=(3)
cfi=(47)
cfn=(340)
calls=1 30 
0 3
0 1 0 0 1
0 3
cob=(3)
cfi=(88)
cfn=(346)
calls=1 39 
0 1555 315 65 3
0 1 0 0 1 1
0 2
cob=(3)
cfi=(124)
cfn=(494)
calls=1 36 
0 3032 399 105 29 11
cob=(1)
cfi=(79)
cfn=(300)
calls=1 71 
0 1127 150 14 9 6
0 5 0 0 2 1
0 4
cob=(3)
cfi=(133)
cfn=(520)
calls=1 28 
0 2178 459 83 29 8
cob=(1)
cfi=(79)
cfn=(300)
calls=1 71 
0 1134 149 9 9 7
0 5 0 0 2 1
0 9
cob=(3)
cfi=(136)
cfn=(540)
calls=1 27 
0 1597 202 48 16 8
cob=(1)
cfi=(79)
cfn=(300)
calls=1 71 
0 1093 145 9 8 6
0 5 0 0 2 1
0 10 1
cob=(3)
cfi=(138)
cfn=(548)
calls=1 583 
0 2678 447 56 5 2
cob=(1)
cfi=(79)
cfn=(300)
calls=1 71 
0 1142 151 8 9 7
0 5 0 0 2 1
0 44 15 8
cob=(3)
cfi=(133)
cfn=(520)
calls=1 28 
0 1715 355 92 12 5
0 1 0 0 1 1
0 17
cob=(3)
cfi=(133)
cfn=(520)
calls=1 28 
0 641 104 34 4
0 1 0 0 1
0 48
cob=(3)
cfi=(133)
cfn=(520)
calls=3 28 
0 1923 312 20 12
0 3 0 0 3
0 88
cob=(3)
cfi=(133)
cfn=(520)
calls=4 28 
0 2538 402 37 16
0 4 0 0 4
0 76
cob=(3)
cfi=(133)
cfn=(520)
calls=4 28 
0 3105 493 15 24
0 4 0 0 4
0 16 4 3
cob=(3)
cfi=(47)
cfn=(340)
calls=1 30 
0 3
cob=(1)
cfi=(79)
cfn=(300)
calls=1 71 
0 1155 149 19 10 7
0 5 0 0 2 1
0 2

fn=(292)
0 11
cob=(3)
cfi=(81)
cfn=(306)
calls=1 134 
0 98446 20042 3255 297 121
cob=(1)
cfi=(79)
cfn=(300)
calls=1 71 
0 1198 157 25 9 6
0 5 0 0 2 2

fn=(312)
0 15
cob=(2)
cfi=(16)
cfn=(314)
calls=1 0 
0 6 1 1
0 8 1 0 1 1
cfn=(318)
calls=1 0 
0 11 1 1
0 4 0 0 1 1
cfi=(83) /tmp/gcc-20220426-4512-111m044/gcc-11.3.0/build/x86_64-pc-linux-gnu/libgcc/../../../libgcc/config/i386/crtfastmath.c
cfn=(324) set_fast_math
calls=1 84 
0 5
0 14 2 1

fn=(564)
0 6 1
cfn=(568) 0x0000000000401550
calls=1 0 
0 4 1 1
0 3

fn=(568)
0 4 1 1

fl=(83)
fn=(324)
84 1
+10 1
+2 2
+2 1

ob=(5)
fl=(67)
fn=(248)
0 17 2 1

fn=(576)
0 8 2 1
cob=(2)
cfi=(16)
cfn=(582)
calls=1 0 
0 57 8 3 1 1
0 1
cfn=(590) 0x0000000000001050
calls=1 0 
0 9 1 1
0 3

fn=(590)
0 9 1 1

totals: 217765 40168 5506 634 221
