# callgrind format
version: 1
creator: callgrind-3.20.0.GIT
pid: 24498
cmd:  ./final_program
part: 1


desc: I1 cache: 
desc: D1 cache: 
desc: LL cache: 

desc: Timerange: Basic block 0 - 806531
desc: Trigger: Program termination

positions: line
events: Ir Bc Bcm Bi Bim
summary: 4382184 739193 20942 6035 509


ob=(5) /lib/x86_64-linux-gnu/libpthread-2.23.so
fl=(80) /build/glibc-S7Ft5T/glibc-2.23/nptl/../sysdeps/unix/sysv/linux/x86/elision-conf.c
fn=(304) elision_init
65 6
+4 1 1
+1 2

fl=(69) /build/glibc-S7Ft5T/glibc-2.23/nptl/nptl-init.c
fn=(254) __pthread_initialize_minimal
301 2
fi=(70) /build/glibc-S7Ft5T/glibc-2.23/nptl/../sysdeps/unix/sysv/linux/pthread-pids.h
29 1
fe=(69)
301 1
+14 1
-14 1
fi=(70)
29 4
fe=(69)
317 2
+1 1
+4 3
+6 1
+4 1
+4 2
-8 1
+2 1
+6 1
+48 3
+3 1
fi=(85) /build/glibc-S7Ft5T/glibc-2.23/nptl/../include/list.h
60 1
fe=(69)
387 1
+1 1
fi=(85)
60 1
+1 1
+1 1
+2 1
fe=(69)
392 2
+4 4
+8 1
-1 1
-7 18 16 10
+6 1
+2 2
-2 1
+2 1
cfi=(71) /build/glibc-S7Ft5T/glibc-2.23/nptl/../sysdeps/unix/sysv/linux/x86_64/sigaction.c
cfn=(258) __libc_sigaction
calls=1 47 
* 62 4 2
+5 1
+2 3
-1 1
-1 1
+2 1
cfi=(71)
cfn=(258)
calls=1 47 
* 62 4 2
fi=(72) /build/glibc-S7Ft5T/glibc-2.23/nptl/../sysdeps/unix/sysv/linux/bits/sigset.h
117 1
fe=(69)
425 1
fi=(72)
117 1
fe=(69)
425 5
+8 3
cob=(1) /lib/x86_64-linux-gnu/ld-2.23.so
cfi=(30) /build/glibc-S7Ft5T/glibc-2.23/elf/dl-tls.c
cfn=(274) _dl_get_tls_static_info
calls=1 -87 
* 5
cob=(1)
cfi=(73) /build/glibc-S7Ft5T/glibc-2.23/elf/../sysdeps/x86_64/dl-trampoline.h
cfn=(268) _dl_runtime_resolve_xsave
calls=1 71 
* 2763 421 29 8 3
* 5 0 0 2 2
+3 3 1 1
+4 2
+5 2
-5 4
+5 1
cob=(3) /lib/x86_64-linux-gnu/libc-2.23.so
cfi=(75) /build/glibc-S7Ft5T/glibc-2.23/resource/../sysdeps/unix/syscall-template.S
cfn=(280) getrlimit
calls=1 84 
* 5 1
cob=(1)
cfi=(73)
cfn=(268)
calls=1 71 
* 1879 278 17 5 3
* 5 0 0 2 1
* 2 1
+1 3 1
+4 1
+3 3
+4 1
+7 1
-7 1
+6 10
+1 3 1 1
+1 1
+1 1
-1 1
+2 2 2 1
+4 1
cob=(2) ???
cfi=(16) ???
cfn=(282) 0x0000000005cd1a10
calls=1 0 
* 4 0 0 1 1
* 1
+10 1
-10 1 0 0 1 1
cob=(1)
cfi=(2) /build/glibc-S7Ft5T/glibc-2.23/elf/rtld.c
cfn=(98) _dl_initial_error_catch_tsd
calls=1 664 
* 2
* 2
+1 1
+6 1
+1 1
-7 1
+4 1
+4 1
-4 1
+1 2
+3 1 1 1
+3 1
+11 3
-11 1
+3 2
+2 2
+6 1
cob=(3)
cfi=(77) /build/glibc-S7Ft5T/glibc-2.23/nptl/libc_pthread_init.c
cfn=(290) __libc_pthread_init
calls=1 44 
* 446 62 10
cob=(1)
cfi=(73)
cfn=(268)
calls=1 71 
* 1899 282 12 5 3
* 5 0 0 2 1
+4 1
-6 1
+7 5
-61 3

fl=(84) /build/glibc-S7Ft5T/glibc-2.23/nptl/pthread_mutex_unlock.c
fn=(1368) pthread_mutex_unlock
39 1
313 1
39 1
+1 1
-1 1
+1 2 1
+4 2 1 1
+5 1
+3 1
+3 3 2 1
+2 1
315 2
61 2 1
+6 4 1
+4 3 1 1
+3 2 1 1

fl=(83) /build/glibc-S7Ft5T/glibc-2.23/nptl/../nptl/pthread_mutex_lock.c
fn=(1344) pthread_mutex_lock
64 1
+3 3
+2 1
+2 3 1
+4 3 1 1
+81 1
+3 1
+2 1
+3 1
+2 1
+1 2
-83 2 1
+11 4 1
+4 1
+3 2 1
+13 4 1
+2 3 1
+1 2

fl=(71)
fn=(258)
47 2
+4 2
-4 2
+4 2 2
+3 4
-1 2
+1 4
-1 2
+1 56
+1 2
-1 2
+1 2
+7 2
-7 4
+2 4
+5 20 4 2
+3 4 2 2
+8 4
-11 4

fl=(79) ???
fn=(296) 0x0000000000005b00
0 17 2 1

ob=(3)
fl=(48) /build/glibc-S7Ft5T/glibc-2.23/string/../sysdeps/x86_64/multiarch/strcmp.S
fn=(184) strcasecmp
109 1
+1 1
+1 1
+1 1 1 1
+10 1

fn=(194) strncasecmp
129 1
+1 1
+1 1
+1 1 1 1
+10 1

fl=(78) /build/glibc-S7Ft5T/glibc-2.23/nptl/register-atfork.c
fn=(292) __register_atfork
85 6
+2 2
-2 1
+2 4 2 2
-41 2
+7 2
+1 3 1
+19 3
+18 1
-17 1
+1 1
+16 2 1
+3 1
+1 1
+1 1
+1 2
+18 2
+1 6 2 1
-13 4 2 2
+2 2
+1 2
-1 1
+1 3

fl=(77)
fn=(290)
44 1
+2 1
+3 1
-5 1
+5 4
cfi=(78)
cfn=(292)
calls=1 +36 
* 53 8 5
* 1
+19 2
+3 3
+1 1
-4 3 1 1
+3 159
+1 53
-4 159 53 4
+12 1
-6 1
+6 2

fl=(52) /build/glibc-S7Ft5T/glibc-2.23/string/../sysdeps/x86_64/multiarch/strcspn.S
fn=(196) strpbrk
45 1
+1 1
+1 1
+1 1 1
+1 1
+1 1

fn=(192) strcspn
45 1
+1 1
+1 1
+1 1 1
+1 1
+1 1

fl=(49) /build/glibc-S7Ft5T/glibc-2.23/time/../sysdeps/unix/sysv/linux/x86/time.c
fn=(186) time
38 1
-1 1
+1 6
fi=(50) /build/glibc-S7Ft5T/glibc-2.23/time/../sysdeps/generic/dl-hash.h
+10 3
+14 4
-17 3 1 1
+3 9
+14 12
-17 9 3 2
fe=(49)
-7 3 1
+3 2
-3 1
+3 1
cfi=(51) /build/glibc-S7Ft5T/glibc-2.23/elf/../sysdeps/unix/sysv/linux/dl-vdso.c
cfn=(190) _dl_vdso_vsym
calls=1 -14 
* 6 1 1
+1 3
+1 2

fl=(75)
fn=(280)
84 4 1
+1 1

fl=(55) /build/glibc-S7Ft5T/glibc-2.23/string/../sysdeps/x86_64/multiarch/memmove.c
fn=(204) memcpy@GLIBC_2.2.5
54 11 2 1

fl=(54) /build/glibc-S7Ft5T/glibc-2.23/time/../sysdeps/unix/sysv/linux/x86/gettimeofday.c
fn=(200) gettimeofday
37 1
-1 1
+1 6
fi=(50)
+11 3
+14 4
-17 3 1 1
+3 9
+14 12
-17 9 3 1
fe=(54)
-8 3 1
+3 2
-3 1
+3 1
cfi=(51)
cfn=(190)
calls=1 -13 
* 6 1 1
+1 3
+1 2

fl=(76) /build/glibc-S7Ft5T/glibc-2.23/elf/dl-tsd.c
fn=(284) __libc_dl_error_tsd
48 2
+1 1

fl=(51)
fn=(190)
27 4
+4 4 2 2
-3 4

fl=(53) /build/glibc-S7Ft5T/glibc-2.23/string/../sysdeps/x86_64/multiarch/strspn.S
fn=(198) strspn
30 1
+1 1
+1 1
+1 1 1
+1 1
+1 1

fl=(82) /build/glibc-S7Ft5T/glibc-2.23/elf/dl-iteratephdr.c
fn=(1342) dl_iterate_phdr
35 7
+6 1
-6 2
+6 2 0 0 1 1
cob=(5)
cfi=(83)
cfn=(1344)
calls=1 +23 
* 36 7 1
+9 1
-4 1
+3 1
+1 3 1 1
+14 6 1 1
+12 10 0 0 2 1
cob=(6) /home/linuxbrew/.linuxbrew/Cellar/gcc@12/12.1.0/lib/gcc/12/libasan.so.8.0.0
cfi=(81) ???
cfn=(1346) 0x00000000000b96c0
calls=2 -76 
* 59 9 3
+1 4 2 1
-13 3 1
+2 6
+1 2
+5 2
-5 2
+1 4
+1 4
+1 4
+1 4
+2 2
+1 2
-1 2
+1 2 2 2
-27 1
+36 2 0 0 1 1
cob=(5)
cfi=(84)
cfn=(1368)
calls=1 -44 
* 28 8 4
+3 9
-39 2

ob=(1)
fl=(40) /build/glibc-S7Ft5T/glibc-2.23/elf/dl-deps.c
fn=(132) openaux
60 82
+7 41
-4 451
cfi=(22) /build/glibc-S7Ft5T/glibc-2.23/elf/dl-load.c
cfn=(104) _dl_map_object
calls=41 2189 
* 130064 22008 2441 445 159
* 41
+5 82

fn=(130) _dl_map_object_deps
161 1
-1 1
+1 1
-1 4
+1 1
-1 2
+1 1
-1 2
+1 1
-1 2
+1 3
-15 1
+15 1
-17 1
+1 1
+1 1
+6 4
+26 1
-26 1
+26 7 1
-34 1
+2 1
+33 2
-33 1
-2 1
+2 2
-2 1
+1 1
+1 1
+6 3
+26 1
-26 1
+26 5 1
+4 1
+21 1
+1 1
-22 2
+19 1
-12 1
+15 1
-16 2
+13 1
317 9
217 1
-4 1
-4 1
+8 16 1 1
-4 15
-4 15
+8 15 15 10
+12 32 16 3
+2 14
+11 14
-5 14
-6 28
+5 14
+2 28
+1 28
+3 98 14
+50 123 41 4
+1 99
-51 1656 414 14
+1 828 414 22
+6 205
cfi=(27) /build/glibc-S7Ft5T/glibc-2.23/string/../sysdeps/x86_64/multiarch/../strchr.S
cfn=(74) index
calls=41 24 
* 1135 90 13
* 82 41 5
+5 205
-3 41
+3 41
cfi=(32) /build/glibc-S7Ft5T/glibc-2.23/elf/dl-error.c
cfn=(96) _dl_catch_error
calls=41 -91 
* 133303 22049 2441 527 160
+2 123 41
+15 41
+2 82 41 6
+5 14
+6 14
+2 14
-8 28
+3 14
+1 14
+1 14
+1 14
+4 84
+7 1119 373 12
459 48 16 2
+2 42
+2 42
cfi=(17) /build/glibc-S7Ft5T/glibc-2.23/elf/dl-minimal.c
cfn=(40) malloc
calls=14 94 
* 457 46 6 14
* 14 0 0 14
+2 14
-2 14
+2 14 14
+4 56
-1 14
+1 14
cfi=(18) /build/glibc-S7Ft5T/glibc-2.23/string/../sysdeps/x86_64/multiarch/../memcpy.S
cfn=(46) memcpy
calls=14 61 
* 390 98 28
+1 70
cfi=(18)
cfn=(46)
calls=14 61 
* 390 98 32
+4 14
-1 14
+5 94 16 11
+7 6 2
+1 1
+3 5 1 1
+10 4
cfi=(17)
cfn=(40)
calls=1 94 
* 29 3 1 1
* 1 0 0 1
+3 1
-3 1
+3 1 1
+5 6
+1 1
-1 3 1
+1 2
+8 2
+4 3
-4 1
-6 3 1 1
-2 15
+8 30
+4 45
-4 15
-6 45 15 9
+13 3 1
+51 3 1
+2 3 1 1
+42 1
-4 1
+5 2
-1 4
+1 2
cfi=(26) /build/glibc-S7Ft5T/glibc-2.23/string/../sysdeps/x86_64/multiarch/../memset.S
cfn=(72) memset
calls=1 53 
* 14 3
* 1
-2 9
+7 1
-1 1
+1 1
-1 2
+7 1
-7 1
+7 2 1
-13 16
+7 16
-1 16
+1 16
-1 32
+7 16
-7 16
+7 48 16 1
+2 64
+1 32 16 9
-1 384
+1 288 96
+2 1179 393 84
+1 897 299 19
+4 20
cfi=(43) /build/glibc-S7Ft5T/glibc-2.23/string/../string/memmove.c
cfn=(142) memmove
calls=2 45 
* 140 12 8 2 2
+4 6
-2 2
+2 12 2 2
+20 126
cfi=(26)
cfn=(72)
calls=14 53 
* 213 47 12
* 70
-6 110
-28 220 110 21
+31 58 15 1
-10 14
cfi=(43)
cfn=(142)
calls=2 45 
* 142 24 15
+2 6
+2 4
-2 2
+2 4
+16 2
+2 1
+1 1
-1 1
+2 3 1 1
+7 3 1 1
+3 3 1
+3 8
481 45 15 10
-1 16
+1 33 16 10
202 2
+27 8 4
-19 4
+8 109 47 2
+2 14
+2 56 14 2
+2 30 2
338 30
611 8
cfi=(18)
cfn=(46)
calls=1 61 
* 66 9 3
+2 1
-38 1
+38 1 1 1
209 2

fl=(44) /build/glibc-S7Ft5T/glibc-2.23/string/wordcopy.c
fn=(144) _wordcopy_bwd_aligned
235 12 0 0 2 1
+77 2
+1 2
+9 2
-7 2
+1 2
+2 2
+1 2
+3 2 2 2
-78 2
+1 2
+1 2
+1 6
+1 2
+79 4

fn=(154) _wordcopy_fwd_aligned
38 12 0 0 2 2
+27 3
+41 1
-38 1
+39 2
+2 1
+1 1
+2 1
+1 1
+2 1
+1 1
+2 1
+4 1
-3 1
+6 2 1 1
-10 1
+1 1
+2 1
+4 1
-3 1
+6 2 1 1
-78 1
+3 3
+1 1
+79 4

fl=(33) /build/glibc-S7Ft5T/glibc-2.23/setjmp/../sysdeps/x86_64/setjmp.S
fn=(100) __sigsetjmp
26 42
+9 42
+1 84
+1 42
+4 42
+1 42
+1 42
+1 42
+1 42
+2 84
+2 42
+1 42
+1 42
+2 84
+2 42
+4 42
+1 42

fl=(32)
fn=(156) _dl_receive_error
205 10
+1 1 0 0 1 1
cfi=(2)
cfn=(98)
calls=1 664 
* 2
+5 1
-1 1
-4 1
+9 1
+2 1
-3 1
+3 1 0 0 1 1
cfi=(2)
cfn=(158) version_check_doit
calls=1 529 
* 61530 9228 813 283 103
+2 1
+1 1
+1 8

fn=(96)
163 84
+15 42
-3 84
+1 84
-13 84
+14 84
+1 42
+2 42 0 0 42 1
cfi=(2)
cfn=(98)
calls=42 664 
* 84
+2 42
-1 42
+4 42
-3 84
+3 42
-4 42
+4 42
cfi=(33)
cfn=(100)
calls=42 26 
* 840
* 126 42
+2 126 0 0 42 2
cfi=(40)
cfn=(132)
calls=41 60 
* 130761 22008 2441 445 159
cfi=(2)
cfn=(102) map_doit
calls=1 496 
* 2826 435 159 11 1
+1 84
+2 42
+1 42
-3 42
+1 84
+1 42
+9 42
-8 42
+8 126

fl=(30)
fn=(168) _dl_determine_tlsoffset
138 7
+6 3 1
+3 2 1
+36 3 1
+2 10 1
-2 3
+2 6 3
+3 4
-1 4
+5 8
-5 12
+3 12
+2 20 4
+16 12
+2 8
-2 8
+2 8 4 3
+4 3
+6 1
-37 2
+25 1
-25 2 1 1
+37 3
-37 6
+25 3
-25 8 3 2
+40 4
+1 1
+51 1
+1 8

fn=(206) _dl_add_to_slotinfo
890 12
+9 4
-9 4
+6 8
+8 20 4
+41 4
+1 12
+1 16

fn=(88) _dl_count_modids
115 2 1
+1 2

fn=(170) _dl_allocate_tls_storage
354 3
+2 1
+11 3
cfi=(17)
cfn=(44) __libc_memalign
calls=1 52 
* 76 7 4
* 1 0 0 1
+1 2 1
+7 2
+4 1
-57 1
+57 296 288 10
-58 2
+1 2
cfi=(17)
cfn=(36) calloc
calls=1 103 
* 38 4 1 2
* 1 0 0 1
+1 2 1
+3 1
+6 2
+64 5

fn=(238) _dl_allocate_tls_init
450 2 1
-1 7
+5 1
+6 3
-6 1
+6 1 1
-4 1
+16 1
-15 3
+20 6 1
+6 28 5 1
+3 4
+1 8 4
+6 12 4
+3 4
-2 8
+2 16
+1 4
+3 4
-1 12 4 1
+4 8 4
+1 16 4
+2 8 4 1
+9 24
cfi=(25) /build/glibc-S7Ft5T/glibc-2.23/string/../sysdeps/x86_64/memcpy.S
cfn=(70) mempcpy
calls=4 61 
* 65 25 9
* 16
cfi=(26)
cfn=(72)
calls=4 53 
* 96 11 5
* 8
-38 12 4 3
+52 2
+2 1
+1 8

fn=(274)
346 2
+1 3

fn=(138) _dl_next_tls_modid
49 4
+3 16 4
+48 4
+4 8

fl=(22)
fn=(152) decompose_rpath
562 7
+12 1
-10 1
+10 3 1
+31 4
cfi=(28) /build/glibc-S7Ft5T/glibc-2.23/string/strdup.c
cfn=(80) strdup
calls=1 40 
* 368 39 14 2
+1 1
-1 1
+1 1 1
+7 8 1
+9 6 1 1
-9 828
+9 2484 414 7
+6 2
cfi=(17)
cfn=(40)
calls=1 94 
* 29 3 1 1
* 1 0 0 1
+2 1
-2 1
+2 1 1
+8 9
cfn=(76) fillin_rpath
calls=1 444 
* 10629 2285 208 46
+4 2
cob=(2)
cfi=(16)
cfn=(82) 0x0000000004000ab0
calls=1 0 
* 7 1 0 1
+3 4 1
+7 1
+2 1
+1 1
+1 8

fn=(134) open_path
2040 128
+1 16
+6 16
-6 16
+6 16 16
+5 144
+52 16
-59 16
-1 16
+60 16
-52 128
+74 64
-62 16
-9 16
+9 81 16
-9 65
+9 65 65
+7 324
cfi=(25)
cfn=(70)
calls=81 61 
* 3772 867 116
+1 81
-1 81
+1 405 81
+20 88 44 4
+26 2
-25 2
+23 2
+2 4 2 2
-46 1255 316 6
+3 648 324 68
+5 228
-1 114
+1 228
-1 342
cfi=(25)
cfn=(70)
calls=114 61 
* 1915 684 59
* 456
cfi=(25)
cfn=(70)
calls=114 61 
* 3054 696 79
-1 114
+7 114
-7 114
+7 114 114
+3 1026
cfn=(108) open_verify.constprop.7
calls=114 1717 
* 7011 938 84
* 114
+2 570 114 16
+26 280
+2 158 76 6
+25 24
cfi=(17)
cfn=(40)
calls=8 94 
* 232 24 4 8
* 8 0 0 8
* 8
+1 16
-1 8
+1 8 8
+2 40
cfi=(18)
cfn=(46)
calls=8 61 
* 413 89 38
+1 16
+34 64
-24 511 219 8
+7 73
-2 73
+2 219 73 12
+3 24 8
+14 8
-27 8
+27 56
-84 84 42
+1 378 42
+6 42
+2 42
-2 42
+2 84
-2 42
+2 42
cfi=(41) /build/glibc-S7Ft5T/glibc-2.23/io/../sysdeps/unix/sysv/linux/wordsize-64/xstat.c
cfn=(136) _xstat
calls=42 34 
* 519 84 11
* 84 42 2
+1 9
+2 9
-2 9
+2 63
+7 27
-7 33
+7 99
-30 33
+23 66

fn=(64) _dl_init_paths
689 1
+13 2
-13 8
+13 3
cfi=(23) /build/glibc-S7Ft5T/glibc-2.23/elf/dl-hwcaps.c
cfn=(66) _dl_important_hwcaps
calls=1 39 
* 398 61 32 2
+5 1
-5 1
+5 1
cfi=(17)
cfn=(40)
calls=1 94 
* 29 3 1 1
* 1 0 0 1
+1 1
-2 1
+2 2 1
+8 1
-1 1
+1 3
-1 3
+4 4
cfi=(17)
cfn=(40)
calls=1 94 
* 29 3 1 1
* 1 0 0 1
+2 1
-2 1
+2 1 1
+17 2
+9 2
-19 1
+11 1
-1 1
+3 1
+1 1
-15 2
+23 1
-9 1
+9 5
-3 17 1
cfi=(26)
cfn=(72)
calls=4 53 
* 60 12 6
+3 27 4 1
-14 3
+2 3
+1 3
+2 6
-3 3
+4 9
+4 3
-3 3
+3 3 3
+1 3
-4 9
+4 3 3 3
+14 1
-11 1
+6 1
+1 1
+5 1
-12 1
+12 1 1
+2 4 1
+2 3 1 1
+38 5 2
+6 3
cfi=(27)
cfn=(74)
calls=1 24 
* 188 9 6
* 2 1
+2 3
cfi=(11) /build/glibc-S7Ft5T/glibc-2.23/string/../sysdeps/x86_64/strlen.S
cfn=(22) strlen
calls=1 66 
* 104 9 3
* 8
cfi=(18)
cfn=(46)
calls=1 61 
* 183 22 10
* 1
+17 3274 364 10
+5 1
cfi=(17)
cfn=(40)
calls=1 94 
* 29 3 1 1
* 1 0 0 1
+1 1
-2 1
+2 1 1
+6 9
cfn=(76)
calls=1 444 
* 8913 2295 200 27 1
+4 5 1
+6 1
+4 8
-70 1
-2 1
+2 2 1 1
+14 2

fn=(114) _dl_map_object_from_fd
893 154
+10 14
-10 14
+10 14
-10 42
+10 14
cfi=(29) /build/glibc-S7Ft5T/glibc-2.23/elf/dl-debug.c
cfn=(86) _dl_debug_initialize
calls=14 50 
* 112 42 29
fi=(35) /build/glibc-S7Ft5T/glibc-2.23/elf/../sysdeps/posix/dl-fileid.h
37 42
fe=(22)
903 14
fi=(35)
37 14
cfi=(36) /build/glibc-S7Ft5T/glibc-2.23/io/../sysdeps/unix/sysv/linux/wordsize-64/fxstat.c
cfn=(118) _fxstat
calls=14 -3 
* 140 28
* 28 14
+4 14
fe=(22)
919 14
fi=(35)
40 14
+1 14
fe=(22)
919 455 133 16
+1 238 119
fi=(35)
49 420 210 8
fe=(22)
1465 112
937 28 14
+24 28 14
+10 28 14
+22 56 14
+32 28 14
904 14
1028 98
cfi=(15) /build/glibc-S7Ft5T/glibc-2.23/elf/dl-object.c
cfn=(32) _dl_new_object
calls=14 61 
* 5895 824 255 70
+1 14
-1 14
+1 14 14
+11 28
+1 14
-1 14
+2 14
-1 14
+4 14
-1 28
-2 14
+2 28
+1 42 14
+1 14
+19 14
-2 14
+10 14
-8 84
+8 14
-8 42
+8 14 14
+87 14
+8 14
-8 56
+8 14
-8 42
-86 202 94 23
-1 952 119 10
+1 670 334 75
+6 28
+1 42
+1 14
+9 230 46 3
+5 368 46
+9 138
-1 138
+1 46
+1 92
+2 46
-2 46
+1 46
-1 46
+3 46
+4 46
-7 46
+2 46
+1 46
+4 46 46 16
+1 192
+4 96
-14 32
+14 192
+11 32
-11 42
-14 14
+14 84
+11 14
-44 4
+1 2
+46 12 4
+4 4
+1 4
+1 4
-1 8
+1 4 4
+3 12
+1 4
+3 4
-3 4
+7 16 4
+6 4
cfi=(30)
cfn=(138)
calls=4 49 
* 32 4
* 8
+1 4
+59 26
+1 39
+1 13
-6 28
+1 14
+8 42 14
1041 14
1229 14
1041 14
1229 14 14
+10 42
fi=(38) /build/glibc-S7Ft5T/glibc-2.23/elf/./dl-map-segments.h
56 28
fe=(22)
1239 42
fi=(38)
56 14
fe=(22)
1239 14
fi=(38)
56 14
fe=(22)
1239 28
fi=(38)
56 84
cfi=(37) /build/glibc-S7Ft5T/glibc-2.23/misc/../sysdeps/unix/sysv/linux/wordsize-64/mmap.c
cfn=(120) mmap
calls=14 -23 
* 480 51 19
+4 14
-4 14
+4 28 14
+3 28
+1 14
+2 14
-2 14
-1 14
+3 14 14 4
+10 28
fi=(39) /build/glibc-S7Ft5T/glibc-2.23/elf/./dl-load.h
+14 92 46 15
+1 42
+2 92 46 8
fi=(38)
+7 184 46 25
+6 14
+2 14
-2 14
+1 14
+2 14
-1 14
+1 14
-1 42
+8 28 14 2
+17 28 14 7
+12 46
-59 230 46 11
+2 64
+2 32
-2 64 32 1
+2 320
cfi=(37)
cfn=(120)
calls=32 -57 
* 992 64 2
* 96 32 8
fe=(22)
1251 56 14 2
+9 28
fi=(3) /build/glibc-S7Ft5T/glibc-2.23/elf/get-dynamic-info.h
39 14
fe=(22)
1260 14
fi=(3)
39 14 14
+6 14
-2 14
+2 28 14
+15 14
+5 14
+3 14
-1 14
-3 14
-3 348
+10 80
-26 240 80 14
+16 305
+10 305
-26 915 305
+26 14
-26 42 14
+2 798 399 60
+13 376 94 18
+2 56 14 2
+3 56 14 2
+13 28 14
+20 52 14 5
+1 56 14
+1 56 14
+1 56 14
+2 56 14
+5 55 14 1
+1 55 14
+1 56 14
+6 42 14 1
+5 26 13
+7 28 14
+1 42 14
+16 42 14 8
+5 6
+2 6
-2 6
+2 6 6 2
+2 12 6 2
+2 12 6
+3 42 14 11
+10 5
-8 20
+8 5 5
+5 10 5
+3 28 14 8
fe=(22)
1267 28 14 8
+15 42 14 1
+19 28
+2 70 14
+54 42 14 10
+1 8
+3 8
cfi=(24) /build/glibc-S7Ft5T/glibc-2.23/io/../sysdeps/unix/syscall-template.S
cfn=(128) close
calls=4 84 
* 20 4
* 20
cfi=(24)
cfn=(128)
calls=10 84 
* 50 10
* 28 14
+9 28 14
+2 42
+2 14
-2 14
+2 14 14
+16 28
cfi=(6) /build/glibc-S7Ft5T/glibc-2.23/elf/dl-lookup.c
cfn=(10) _dl_setup_hash
calls=14 956 
* 322 28
+4 28 14
+1 28 14 5
+1 8 2
+4 4
+4 4
-3 2
+3 6
cfi=(43)
cfn=(142)
calls=2 45 
* 134 12 10 2 1
+4 6
+4 28 14 2
+9 14
-5 42
+5 14 14
+10 28 14
+10 42
cfi=(15)
cfn=(48) _dl_add_to_namespace_list
calls=14 32 
* 910 133 43 28
+4 56 14 6
fi=(3)
68 56 14
+2 70
fe=(22)
1413 4
fi=(38)
119 28 14
+8 112
cfi=(26)
cfn=(72)
calls=14 -74 
* 1823 253 33
* 56
-54 44
-1 66
cfi=(42) /build/glibc-S7Ft5T/glibc-2.23/misc/../sysdeps/unix/syscall-template.S
cfn=(140) mprotect
calls=11 +12 
* 55 11
* 11
fi=(39)
+22 60 12 3
+1 132 12
+3 48
fi=(38)
+39 45
cfi=(37)
cfn=(120)
calls=5 33 
* 155 10
+3 15 5 3
fe=(22)
1255 18

fn=(76)
444 14
+2 2
-2 18
+4 6
cfi=(17)
cfn=(78) strsep
calls=2 -94 
* 1413 416 25
* 51
cfi=(17)
cfn=(78)
calls=17 -94 
* 9075 2657 40
* 57 19 2
+7 34 17 5
+35 375 125 15
+1 268 114 22
cfi=(14) /build/glibc-S7Ft5T/glibc-2.23/string/../sysdeps/x86_64/multiarch/../memcmp.S
cfn=(30) bcmp
calls=10 24 
* 687 188 70
* 20 10 4
+7 12 6 1
+1 34 14 4
-1 30 10 8
+48 26
+2 26
cob=(2)
cfi=(16)
cfn=(82)
calls=13 0 
* 133 19 4 13 1
* 8
cob=(2)
cfi=(16)
cfn=(82)
calls=4 0 
* 116 16 8 4
* 17
-39 38 11 4
cfi=(11)
cfn=(22)
calls=8 66 
* 480 32 8
* 16
+4 16
-1 32
cfi=(17)
cfn=(40)
calls=8 94 
* 232 24 0 8
* 8 0 0 8
+1 6
-1 12
cfi=(17)
cfn=(40)
calls=3 94 
* 87 9 2 3
* 3 0 0 3
+3 11
-3 11
+3 22 11
+5 11
+1 22
-2 11
+2 11
cfi=(25)
cfn=(70)
calls=11 61 
* 505 120 38
+3 11
-3 11
+1 11
+2 11 11 8
+1 2
+5 4
+1 2
-1 4
+1 4 2
-1 18
+1 9
-1 18
+1 139 20
+1 121 44 7
-1 22 11 4
+3 22
+1 33 11 4
+1 40
cfi=(18)
cfn=(46)
calls=8 61 
* 448 96 6
* 8
+6 8
+1 8
-1 19
+1 3
-1 6
383 51
cfi=(27)
cfn=(74)
calls=17 24 
* 799 51 5
* 34 17
+4 34
cfi=(28)
cfn=(80)
calls=17 40 
* 2645 361 92 34
* 17
+74 34 17
+5 34
cfi=(11)
cfn=(22)
calls=17 66 
* 630 53 18
+1 34 17
+7 102 34
+9 17
-4 51
+4 34 17 4
+26 6
+43 2
+3 18
-15 6
-9 22
-57 34

fn=(104)
2189 294
+8 42
-8 84
+8 42 42
+1 168 42
+3 1392 394 30
+5 2660 380 1
+2 1140
cfi=(34) /build/glibc-S7Ft5T/glibc-2.23/elf/dl-misc.c
cfn=(106) _dl_name_match_p
calls=380 288 
* 35160 4557 469 217 110
* 760 380 10
+4 704 352
+1 1056 352 89
+3 274
+2 1096
cfi=(19) /build/glibc-S7Ft5T/glibc-2.23/string/../sysdeps/x86_64/multiarch/../strcmp.S
cfn=(54) strcmp
calls=274 144 
* 8341 1011 109 60 49
* 548 274 11
2500 336
2235 70 14 7
+9 14
-53 14
+53 28 14
+36 28
-2 14
+2 14
cfi=(27)
cfn=(74)
calls=14 24 
* 370 30 4
* 28 14 6
2431 2 1
383 3
cfi=(27)
cfn=(74)
calls=1 24 
* 88 4 1
* 2 1
+4 2
cfi=(28)
cfn=(80)
calls=1 40 
* 182 21 10 2
2432 1
-3 1
+3 2 1
+4 9
cfn=(108)
calls=1 1717 
* 319 69 24
+3 1
-3 1
+3 3 1
+12 3
+46 1
+1 3
-1 1
+1 9
cfn=(114)
calls=1 893 
* 1819 286 100 7
-1 13
+1 39
-1 13
+1 117
cfn=(114)
calls=13 893 
* 24198 4259 697 93 1
* 84
2284 26
cfi=(11)
cfn=(22)
calls=13 66 
* 244 28 2
* 13
+2 13
-2 13
+2 13 13
+7 52 26 4
+35 22 11
+1 154 11
cfn=(134)
calls=11 2040 
* 10914 2033 291 12
+6 22
-6 11
+6 21 16 6
666 5
2336 5
666 10 5 4
+3 2 1 1
2342 12 6
+81 26 13 1
+28 39
+2 52 13 3
2297 13
+5 13
-5 13
+5 13 13
+3 26
-3 13
+3 146
cfn=(134)
calls=5 2040 
* 16053 2951 224 4
+4 24 5 2
-7 42 14 7
666 16
2303 16
666 32 16 8
+3 10 5 2
+3 3 1
+8 8
cfn=(152)
calls=1 562 
* 14410 2748 231 51
2303 4 1
672 3 1 1
2358 5
-14 5
+14 5 5 1
+2 15 5
+4 10
cfi=(45) /build/glibc-S7Ft5T/glibc-2.23/elf/dl-cache.c
cfn=(146) _dl_load_cache_lookup
calls=5 185 
* 6745 1551 192 10
+2 5
-2 5
+2 5 5
+4 10 5
+8 15 5
+23 50
cfn=(108)
calls=5 1717 
* 1673 388 45
+4 5
-4 5
+4 15 5
+1 10
-89 33 11
+1 88 22 3
666 11
2319 11
666 22 11 4
2493 6
675 2

fn=(108)
1717 1320
+39 120
-39 360
+39 478 239 19
+31 480
cfi=(24)
cfn=(110) open
calls=120 84 
* 1024 120 20
+2 120
-2 120
+2 134 120 7
+10 14
+1 28
+5 112
cfi=(24)
cfn=(112) read
calls=14 84 
* 70 14 1
+2 28 14
+2 14
+2 14
-2 28
+2 14 14
+6 28 14
+16 56
cfi=(14)
cfn=(30)
calls=14 24 
* 363 126 17
* 126 28 2
cfi=(14)
cfn=(30)
calls=14 24 
* 504 168 6
* 28 14
+74 28 14
+5 28 14
+2 56 14
+6 28 14
+11 28 14
+6 14
+1 14
-1 56
+1 14
-1 14
+1 28 14
+1 42
+20 854 112 9
+2 256 123 30
+4 40 10
+1 30
+12 70
+4 30 10 4
+5 5
+1 5
-13 20
cfi=(14)
cfn=(30)
calls=5 24 
* 125 40 12
* 40
cfi=(14)
cfn=(30)
calls=10 24 
* 300 80 14
* 30 15 2
+16 10 5
+3 35
+3 15 5
+1 25 10
-39 14
+67 218
-23 106
+23 742
1826 10
+7 12
cfi=(14)
cfn=(30)
calls=3 24 
* 72 27 8
* 6 3 2

fl=(11)
fn=(22)
66 98
+1 98
+1 98
+1 98
+1 98
+1 98
+1 98
+2 98
+2 98 98 1
+30 97
+1 97
+1 97
+1 97
+1 97 97 38
+1 23
+1 23
+4 74
+1 74
+1 74
+1 74
+1 74
+1 74
+1 74
+1 74
+1 74
+1 74
+1 74
+1 74
+5 550 74 25
+4 1
+1 14
+1 8 1
+65 25
+1 25
+1 25
+1 25
+1 25
+1 25
+1 25
+1 25 25 7
+2 6
+2 6
+1 6
+1 6
+1 6
+1 6
+1 6
+1 6
+1 6 6 2
+1 4
+4 19
+2 19
+1 266
+2 19
+1 19
+1 19
+1 19
-6 2
+1 28
+2 2
+1 2
+1 2
+1 2

fl=(46) /build/glibc-S7Ft5T/glibc-2.23/elf/dl-version.c
fn=(164) match_symbol
76 957
+9 87
-8 87
-1 174
+1 87
+8 87 87
+6 261 87
+15 87
+1 174 87
+2 87
+5 174 87
+14 1460 730 101
+12 1929 643 1
+4 643
-30 1286 643 7
+19 435
cfi=(19)
cfn=(54)
calls=87 +11 
* 3726 428 107 38 34
* 174 87
+35 696

fn=(162) _dl_check_map_versions
189 48 16 1
-15 144
+17 16
+3 48
-3 16
+2 16
+1 16
+2 16
-3 16
+3 16 16 2
+3 28
+4 14
-4 14
+4 56 14 1
+17 14
56 28
220 14
56 70 14 5
220 20
56 40
220 20
56 100 20 6
+1 349
-1 698 349
+2 1149
cfi=(34)
cfn=(106)
calls=383 288 
* 33883 4349 331 200 69
* 800 383 10
228 102 34
+5 272
+19 53
-15 993 87 16
cfn=(164)
calls=4 76 
* 445 91 17 1 1
* 332
cfn=(164)
calls=83 76 
* 12166 2788 199 37 33
* 87
+7 522
+3 261 87 45
+9 204 34 12
+5 60
+1 20
+8 28 14 4
+3 48
+10 176
-7 704
+3 528 176 34
-3 48
+3 36 12 6
+8 45 15 8
+87 8
-81 60
cfi=(17)
cfn=(36)
calls=15 103 
* 621 64 13 30
* 15 0 0 15
+1 15
-2 15
+2 15 15 1
+11 15
+2 15
-5 15
+3 15
+2 15
-2 15
+2 15 15 1
+3 56
+4 102
+18 53
-15 159
+2 159 53
-2 102
+2 102 34 6
+2 87
+1 87
-1 174
+1 87
-1 87
+1 87
+1 87
-2 87
+2 174
+1 261
+3 261 87 41
+8 102 34 12
+5 20
+1 20
+4 45 15 3
+3 48
+20 176
-14 376 188 2
-2 176
+7 352
+1 176
-1 528
+1 176
-1 176
+1 176
+1 176
+3 564 188 27
+10 135
183 2
-8 2
+95 4 2 1
-80 2

fn=(160) _dl_check_all_versions
380 5
+4 7 1
+2 112 16 1
cfn=(162)
calls=16 189 
* 61277 9194 804 283 103
-2 16
+2 48
-1 16
-1 32 16 7
+5 7

fl=(1) ???
fn=(0) 0x0000000000000c30
0 2
cfi=(2)
cfn=(2) _dl_start
calls=1 353 
0 4229895 698046 20281 5981 473
0 14
cfi=(68) /build/glibc-S7Ft5T/glibc-2.23/elf/dl-init.c
cfn=(248) _dl_init
calls=1 80 
0 152273 41147 661 54 36

fl=(19)
fn=(54)
144 5550
+1 5550
+2 5550
+1 5550
+21 5550
+1 5550 5550 615
+1 4844
+1 4844 4844 133
+1 4632
+1 4632
+1 4632
+1 4632
+21 4632
+1 4632
+1 4632
+1 4632
+1 4632
+1 4632
+1 4632 4632 121
+5 55
+1 55
+9 55
+1 55
+1 55
+1 55
+1 55
+1 55
+1 55
+1 55 55 13
-7 918
+1 918
+1 918
+1 918
+1 918
+1 918
+1 918
+1 918 918 31
+1 856 856 231
+1 375
+1 375
+1 375
+2 375
+1 375
+1 375
+1 375
+1 375
+1 375 0 0 375 199
-5 481
+1 481
+1 481
+1 481
+1 481
+1 481 0 0 481 196
+10 117
+1 117
+1 117
+2 117
+6 117
+1 117
+1 117
+1 117
+1 117
+5 117 117 21
+2 97
+1 97
+1 194
+8 97
+1 97
+3 97
+1 97
+1 97
+1 97
+1 97
+1 97 97 23
-9 20
+1 20
+3 20
+1 20
+1 20
+1 20
+1 20
+1 20 20 5
+6 28
+1 28
+1 28
+3 28
+1 28
+1 28
+1 28
+1 28
+1 28 28 11
+5 20
+1 20
+9 39
+1 39
+1 39
+1 39
+1 39
+2 39
+1 39
+1 39
+1 39
+1 39
+1 39
+1 39 39 3
+1 21
+3 21
+1 21
+1 21
+6 21
+1 21
+1 42
+4 21
+1 21 21 5
+3 21
+1 21
+1 21
+3 21
+1 21
+1 21
+6 21
+1 21
+1 21
+1 21
+1 21
+1 21 21 1
+78 24
+1 24
+1 24
+1 24
+1 24
+2 24
+1 24
+1 24
+1 24
+1 24
+1 24
+1 24 24 3
+1 12
+3 12
+1 12
+1 12
+6 12
+1 12
+1 24
+4 12
+1 12 12
+3 12
+1 12
+1 12
+3 12
+1 12
+1 12
+6 12
+1 12
+1 12
+1 12
+1 12
+1 12 12 2
+7 1
+1 1
+2 1
+1 1 1
+2 1
+1 1
+1 1
+3 1
+1 1
+1 1
+6 1
+1 1
+1 1
+1 1
+1 1
+1 1 1 1
+41 1
+1 1
+1 1
+1 1
+1 1
+2 1
+1 1
+1 1
+1 1
+1 1
+1 1
+1 1 1
+1 1
+4 1
+1 1
+1 1
+6 1
+1 1
+1 2
+4 1
+1 1 1
+3 1
+1 1
+1 1
+3 1
+1 1
+1 1
+6 1
+1 1
+1 1
+1 1
+1 1
+1 1 1
+72 3
+1 3
+1 3
+1 3
+1 3
+2 3
+1 3
+1 3
+1 3
+1 3
+1 3
+1 3 3
+1 3
+4 3
+1 3
+1 3
+6 3
+1 3
+1 6
+4 3
+1 3 3
+3 3
+1 3
+1 3
+3 3
+1 3
+1 3
+6 3
+1 3
+1 3
+1 3
+1 3
+1 3 3
+72 7
+1 7
+1 7
+1 7
+1 7
+2 7
+1 7
+1 7
+1 7
+1 7
+1 7
+1 7 7 3
+1 7
+4 7
+1 7
+1 7
+6 7
+1 7
+1 14
+4 7
+1 7 7
+3 7
+1 7
+1 7
+3 7
+1 7
+1 7
+6 7
+1 7
+1 7
+1 7
+1 7
+1 7 7
1071 8
+1 8
+1 8
+1 8
+1 8
+2 8
+1 8
+1 8
+1 8
+1 8
+1 8
+1 8 8 2
+1 6
+4 6
+1 6
+1 6
+6 6
+1 6
+1 12
+4 6
+1 6 6
+3 6
+1 6
+1 6
+3 6
+1 6
+1 6
+6 6
+1 6
+1 6
+1 6
+1 6
+1 6 6 1
+7 1
+1 1
+2 1
+1 1 1
+2 1
+1 1
+1 1
+3 1
+1 1
+1 1
+6 1
+1 1
+1 1
+1 1
+1 1
+1 1 1 1
+41 121
+1 121
+1 121
+1 121
+1 121
+2 121
+1 121
+1 121
+1 121
+1 121
+1 121
+1 121 121 14
+1 6
+4 6
+1 6
+1 6
+6 6
+1 6
+1 12
+4 6
+1 6 6
+3 6
+1 6
+1 6
+3 6
+1 6
+1 6
+6 6
+1 6
+1 6
+1 6
+1 6
+1 6 6 1
+72 195
+1 195
+1 195
+1 195
+1 195
+2 195
+1 195
+1 195
+1 195
+1 195
+1 195
+1 195 195 31
+1 35
+4 35
+1 35
+1 35
+6 35
+1 35
+1 70
+4 35
+1 35 35 1
+3 35
+1 35
+1 35
+3 35
+1 35
+1 35
+6 35
+1 35
+1 35
+1 35
+1 35
+1 35 35 5
+72 77
+1 77
+1 77
+1 77
+1 77
+2 77
+1 77
+1 77
+1 77
+1 77
+1 77
+1 77 77 15
+1 14
+4 14
+1 14
+1 14
+6 14
+1 14
+1 28
+4 14
+1 14 14
+3 14
+1 14
+1 14
+3 14
+1 14
+1 14
+6 14
+1 14
+1 14
+1 14
+1 14
+1 14 14 4
+72 65
+1 65
+1 65
+1 65
+1 65
+2 65
+1 65
+1 65
+1 65
+1 65
+1 65
+1 65 65 18
+1 20
+4 20
+1 20
+1 20
+6 20
+1 20
+1 40
+4 20
+1 20 20
+3 20
+1 20
+1 20
+3 20
+1 20
+1 20
+6 20
+1 20
+1 20
+1 20
+1 20
+1 20 20 5
+72 82
+1 82
+1 82
+1 82
+1 82
+2 82
+1 82
+1 82
+1 82
+1 82
+1 82
+1 82 82 20
+1 13
+4 13
+1 13
+1 13
+6 13
+1 13
+1 26
+4 13
+1 13 13
+3 13
+1 13
+1 13
+3 13
+1 13
+1 13
+6 13
+1 13
+1 13
+1 13
+1 13
+1 13 13 7
+72 107
+1 107
+1 107
+1 107
+1 107
+2 107
+1 107
+1 107
+1 107
+1 107
+1 107
+1 107 107 13
+1 17
+4 17
+1 17
+1 17
+6 17
+1 17
+1 34
+4 17
+1 17 17
+3 17
+1 17
+1 17
+3 17
+1 17
+1 17
+6 17
+1 17
+1 17
+1 17
+1 17
+1 17 17 8
+7 1
+1 1
+2 1
+1 1 1
+2 1
+1 1
+1 1
+3 1
+1 1
+1 1
+6 1
+1 1
+1 1
+1 1
+1 1
+1 1 1 1
+41 47
+1 47
+1 47
+1 47
+1 47
+2 47
+1 47
+1 47
+1 47
+1 47
+1 47
+1 47 47 16
+1 9
+4 9
+1 9
+1 9
+6 9
+1 9
+1 18
+4 9
+1 9 9
+3 9
+1 9
+1 9
+3 9
+1 9
+1 9
+6 9
+1 9
+1 9
+1 9
+1 9
+1 9 9 5
+7 3
+1 3
+2 3
+1 3 3
+2 3
+1 3
+1 3
+3 3
+1 3
+1 3
+6 3
+1 3
+1 3
+1 3
+1 3
+1 3 3 2
+41 80
+1 80
+1 80
+1 80
+1 80
+2 80
+1 80
+1 80
+1 80
+1 80
+1 80
+1 80 80 20
+2 15
+4 15
+1 15
+1 15
+6 15
+1 15
+2 30
+4 15
+1 15 15
+3 15
+1 15
+1 15
+3 15
+1 15
+1 15
+6 15
+1 15
+1 15
+1 15
+1 15
+1 15 15
+74 276
+2 276
+1 276
+1 276
+1 276 276 42
-3 697
+1 697
+1 697
+1 697 697 42
+1 1125
+5 375
+6 375
+1 375
+8 375
+1 375
-16 5175
+6 5175
+1 5175
+8 5175
+1 5175

fl=(41)
fn=(136)
34 42
-1 42
+1 42 42
+1 252 42 11
+4 9
-4 132

fl=(37)
fn=(120)
33 62
-1 620
+1 168 62 19
+1 620 62 5
+2 434
-3 86 34 21

fl=(74) /build/glibc-S7Ft5T/glibc-2.23/elf/../elf/dl-runtime.c
fn=(270) _dl_fixup
66 16
+5 16
-5 8
+3 16
+3 8
-1 16
-3 8
+5 48
+1 8
-1 8
+1 16
+5 16 8
+4 16 8
+4 24 8 1
+4 8
+1 40
+2 32
+7 16
-1 8
+1 8 8 1
+10 72
cfi=(6)
cfn=(178) _dl_lookup_symbol_x
calls=8 806 
* 10350 1530 122 19 8
* 8
+4 40 8
+10 48 16
+16 8
-8 8
+8 24 8
+4 24 8
fi=(5) /build/glibc-S7Ft5T/glibc-2.23/elf/../sysdeps/x86_64/dl-machine.h
+92 8
fe=(74)
-88 24

fl=(24)
fn=(110)
84 484 121 20
+1 15
+1 530

fn=(112)
84 56 14 1
+1 14

fn=(128)
84 60 15
+1 15

fn=(68) access
84 28 7 5
+2 35

fl=(15)
fn=(32)
61 210
+1 15
cfi=(11)
cfn=(22)
calls=15 +4 
* 320 34 5
+6 15
-6 30
+6 30 15 5
+7 60
cfi=(17)
cfn=(36)
calls=15 +28 
* 780 76 22 30 2
* 15 0 0 15 1
+3 15
-3 15
+3 15 15
+4 15
+5 30
-6 15
+6 15
-5 15
+3 30
+2 15
cfi=(18)
cfn=(46)
calls=15 -26 
* 435 100 44
+10 15
-10 15
+10 15
-8 15
+9 30
-1 45
+1 45
+3 15
-4 15
+1 15
+3 15 15 14
+9 15
-7 15
+4 15
+3 21 15 13
+2 2
-2 2 1 1
+2 30
-2 30 15 9
+12 15
+6 15
-5 15
-1 15
+6 75 15 1
+2 14
+3 14
-3 14
+3 14 14
-3 33
+7 57 19 4
+4 28 14 7
+2 5 1
+6 1
+6 1
-3 2
+3 16 1 1
-3 28
+3 28 14
+2 42
cfi=(11)
cfn=(22)
calls=14 -91 
* 606 47 15
+4 14
-4 56
+4 42 14
+64 28
+4 120
68 150
+34 44
+39 56 14 6
+70 42
cfi=(25)
cfn=(70)
calls=14 61 
* 648 147 53
* 217
+6 203
-1 203
+1 217 203 57
-1 14
+1 42 14 12
+5 28
-89 2 1 1
+32 28
cfi=(17)
cfn=(40)
calls=14 -71 
* 406 42 6 14
* 14 0 0 14
+1 14
-1 14
+1 42 14 1
+2 1
-35 2

fn=(48)
32 75
+2 30 0 0 15 1
cfi=(2)
cfn=(50) rtld_lock_default_lock_recursive
calls=15 704 
* 30
+2 15
-2 15
+2 181 15 6
+3 357 119 37
+2 14
+2 14
+4 14
+4 14
-4 28
+1 14
+4 28
-4 14
+1 14
+3 14
-3 14
+2 14 0 0 14
cfi=(2)
cfn=(52) rtld_lock_default_unlock_recursive
calls=14 710 
* 28
-4 1
+4 1
-4 2
+1 1
+4 2
-4 1
+1 1
+3 1
-3 1
+2 1 0 0 1 1
cfi=(2)
cfn=(52)
calls=1 710 
* 2
-5 2

fl=(17)
fn=(84) free
120 20
+2 60 20 6
+7 28
-3 30
cfi=(26)
cfn=(72)
calls=6 -73 
* 94 18 6
+1 6
+2 12

fn=(44)
52 339
+1 451 113 1
+11 336
+3 112
-3 112
+3 224 112 10
-3 3
+3 1
-3 1
+3 414 104 37
+4 40
+1 20 10
+6 80
cfi=(37)
cfn=(120)
calls=10 -45 
* 330 30 22
+2 50 10
+4 30
+3 10
+1 10
+2 50
-3 103
+1 103
+2 515
-31 2
-1 5

fn=(36)
103 35
+8 105
-4 35
+4 70 35 17
+3 35
cfn=(40)
calls=35 -20 
* 1378 133 33 35 1
* 35 0 0 35 1

fn=(78)
354 38 19
+2 19
+1 38 19 2
+4 1641 17
+7 3360 1120 13
-2 2270 1135 41
+6 30
+7 15
+4 15
-4 2
+4 4
-7 763
-15 2293 763 9

fn=(40)
94 112
+1 224
cfn=(44)
calls=112 -43 
* 3265 372 66
* 112 0 0 112 1

fl=(25)
fn=(70)
61 342
+4 342 342 29
+3 339
+1 339 339 81
+2 155
+1 155
+2 155
+1 155
+5 155
+1 155 155 26
-1 184
+1 184 184 22
+2 171
+1 171
+2 171
+1 171
+5 171
+1 171 171 34
-1 168
+1 168 168 50
+2 110
+1 110
+2 110
+1 110
+5 110
+1 110 110 20
-1 229
+1 229 229 23
+2 175
+1 175
+2 175
+1 350
+5 175
+1 175 175 28
-1 164
+1 230 164 18
+5 66
+1 66
+1 66
+1 66
+2 66
+2 66
+1 66
+2 66 66
+6 339
+4 339
+12 91
+2 91
+1 91 91 11
+26 91
+1 91 91
+3 91
+1 91
+1 91 91
+5 92
+2 92
+1 92
+1 92
+1 92
+2 92
+1 92
+1 92
+1 92
+2 92
+1 92
+2 92 92 13
+2 4
+2 4
+1 4
+1 4
+1 4
+2 4
+1 4
+1 4
+1 4
+2 4
+1 4
+2 10 4 1
+5 3
+2 3 3 3
-2 88
+2 88 88 9
+2 3
+7 3

fl=(73)
fn=(268)
71 8
+3 8
+2 8
+8 8
+6 8
+1 8
+1 8
+1 8
+1 8
+1 8
+1 8
+4 8
+1 8
+3 8
+1 8
+2 8
+1 8
+1 8
+1 8
+1 8
+1 8
+2 8
+13 8
+1 8
+1 8
cfi=(74)
cfn=(270)
calls=8 -63 
* 10950 1602 124 19 8
+1 8
+5 8
+1 8
+1 8
+2 8
+1 8
+1 8
+1 8
+1 8
+1 8
+1 8
+2 8
+2 8
+4 8
+3 8 0 0 8 8

fl=(28)
fn=(80)
40 96
+1 24
cfi=(11)
cfn=(22)
calls=24 +25 
* 964 81 19
* 24
+1 48
cfi=(17)
cfn=(40)
calls=24 +52 
* 747 76 9 24
* 24 0 0 24
+2 48 24
+4 24
-1 48
+1 48
-1 48
cfi=(18)
cfn=(46)
calls=24 +14 
* 1644 320 114

fl=(36)
fn=(118)
34 15
-1 15
+1 15 15
+1 90 15
+4 15

fl=(2)
fn=(2)
353 9
+18 4
fi=(5)
59 1
fe=(2)
371 1
fi=(3)
45 1
fi=(5)
+14 2
fe=(2)
397 1
fi=(3)
45 1
fe=(2)
394 1
fi=(3)
45 1 1
+25 2
-3 1
-7 1
+5 1
+3 1
+2 1
-3 1
-3 1
-3 2
-13 26
+23 13
-26 39 13
+26 1
-26 3 1
+2 36 18 8
+13 20 5 1
+1 16
+10 4
-26 12 4 3
+33 2 1
+20 4 1
+1 4 1
+1 4 1
+1 4 1
+2 4 1
+5 4 1
+1 4 1
+1 4 1
+6 3 1
+5 2 1
+7 3 1
+1 3 1
+8 3 1 1
+2 3 1 1
+3 2 1
+1 2 1
fe=(2)
408 2 1 1
302 1
415 1
302 1
cfi=(6)
cfn=(10)
calls=1 956 
* 23 2
+1 2
+1 2
+1 2
+1 2
+8 1
+9 1
-9 3
+9 1
-6 1
-3 1
+9 1
cfi=(7) /build/glibc-S7Ft5T/glibc-2.23/elf/../elf/dl-sysdep.c
cfn=(12) _dl_sysdep_start
calls=1 86 
* 4229247 697924 20254 5975 472
* 1
+9 1
+3 4
+4 1
-4 1
+4 1 1
440 9
fi=(3)
62 4 1 1
+3 4 1 1
fe=(2)
413 26 3
fi=(4) /build/glibc-S7Ft5T/glibc-2.23/elf/do-rel.h
84 1
+27 1
-28 1
+28 2 1
+1 2
fi=(5)
519 2 1
fi=(4)
112 18
fi=(5)
519 18 9
+1 20
fi=(4)
111 20
fi=(5)
520 10
fi=(4)
111 10 10 6
+5 2 1
+8 1
fi=(5)
314 1
fi=(4)
124 2 1
+12 1
+1 3
fi=(5)
268 1
fi=(4)
137 1
fi=(5)
296 1
fi=(4)
137 2
fi=(5)
296 1 1
fi=(4)
136 5
+1 15
fi=(5)
268 5
fi=(4)
137 5
fi=(5)
296 5
fi=(4)
137 10
fi=(5)
296 5 5
+9 12 6
+3 6
-3 12
+3 18 6
+6 36 6 0 6 1
fi=(3)
68 4 1
+2 3
fi=(5)
427 12
fi=(4)
124 19 6 4
fe=(2)

fn=(92) handle_ld_preload
757 7
+1 1
-1 1
-75 1
+86 1
-11 1
-75 6
+80 3 1
fi=(31) /build/glibc-S7Ft5T/glibc-2.23/elf/../string/bits/string2.h
961 1
+1 310 103
+1 101
-2 101
+2 101
-2 304 101 5
+2 1
-2 3 1 1
fe=(2)
766 2 1
+10 4 2
108 3 1
779 2 1
677 1
+5 5
-10 1
+4 1
+1 1
+1 1
+2 1
+2 1
cfi=(32)
cfn=(96)
calls=1 163 
* 2888 436 159 13 3
+1 3 1
+13 3
+84 1
-18 3 1
+21 9
-15 4
cfi=(18)
cfn=(46)
calls=1 61 
* 71 13 8
* 1
+1 2

fn=(102)
496 1
+2 1
-2 1
+3 8
cfi=(22)
cfn=(104)
calls=1 2189 
* 2812 435 159 11 1
* 1
+2 2

fn=(166) init_tls
589 1
+6 1
-6 1
+2 2
+4 1 1
+10 4
cfi=(17)
cfn=(36)
calls=1 103 
* 89 8 5 2
* 1 0 0 1
+11 1
-5 1
-7 1
+6 1
+2 1
-1 1
+5 1 1 1
+2 1
-1 1
+1 34 17 1
+2 32 16 11
+4 4
+2 4
-2 8
-5 32
+9 3 1 1
+3 1
cfi=(30)
cfn=(168)
calls=1 138 
* 173 19 6
+7 1
cfi=(30)
cfn=(170)
calls=1 354 
* 439 301 15 4
+1 1
-1 1
+1 1 1 1
+6 1
+3 1
-3 1
+3 6 1 1
+3 1
+2 1
+1 2

fn=(52)
710 274

fn=(26) dl_main
790 1
+19 1
-19 7
2390 1
790 3
+19 1
+3 1
-22 1
2385 1
812 1
+4 2
+1 2
+5 2
2383 2
+7 4
-4 1
+4 8
+2 2
cfi=(13) /build/glibc-S7Ft5T/glibc-2.23/elf/dl-environ.c
cfn=(28) _dl_next_ld_env_entry
calls=1 30 
* 418 142 26
* 4
cfi=(13)
cfn=(28)
calls=2 30 
* 33 9 3
* 9 3 1
+4 50 23 4
+1 19
-1 57 19 10
+3 4 2
+6 14 2 0 2 2
2553 3 1
+30 3 1 1
832 3 1 1
1033 7
cfi=(15)
cfn=(32)
calls=1 61 
* 250 36 22 3 3
+2 1
-2 1
+2 1 1
+1 1
+1 1
+5 2
-5 1
+1 2
+4 1
cfi=(15)
cfn=(48)
calls=1 32 
* 33 1 0 2 2
+1 3 1
799 1
1072 1
-3 1
-5 1
+1 1
+2 1
+5 7 1
+56 5
-55 36 18 6
-1 33 11 1
+1 55 27 11
1175 5 1 1
+3 2 1 1
+2 2 1 1
+2 3 1
+13 3 1
+1 6
cfi=(19)
cfn=(54)
calls=1 144 
* 24 3 1
* 2 1
+7 1
+3 1
-5 1
+3 1
+2 1 1
+1 2
+4 2 1
+2 2 1
fi=(3)
30 1
+9 2 1
+6 1
-2 1
+2 2 1
+15 1
+5 1
+3 1
+2 1
-3 1
-3 1
-3 14
+10 3
-26 9 3 1
+16 29
+10 29
-26 87 29
+26 1
-26 3 1
+2 66 33 10
+13 16 4 3
+2 4 1 1
+16 3 1 1
+38 3 1
+5 2 1
+7 2 1
+1 3 1
+16 3 1 1
+14 3 1 1
+18 2 1 1
fe=(2)
1218 2
cfi=(6)
cfn=(10)
calls=1 956 
* 23 2
+3 2 1
fi=(20) /build/glibc-S7Ft5T/glibc-2.23/elf/setup-vdso.h
24 2 1 1
fe=(2)
1243 1
cfi=(8) /build/glibc-S7Ft5T/glibc-2.23/elf/../sysdeps/unix/sysv/linux/dl-sysdep.c
cfn=(60) _dl_discover_osversion
calls=1 45 
* 93 16 7
* 8 3 1
-75 2
+1 2
+1 1
-6 2
+1 1
-88 3
+1 1
+50 4
-1 16
+2 8 4 3
+1 1
+3 2
+1 2 1
-1 6
+1 6 3
+1 4
+1 10 5 3
+1 2
-43 1
-2 2
+27 1
-25 2
+7 1
-10 1
+10 1 1 1
-19 3
+1 1
fi=(3)
65 4 1 1
+3 4 1
+2 4
fe=(2)
2480 1
+1 1
-1 2 1
+1 3
cfi=(14)
cfn=(30)
calls=1 24 
* 31 11 4
* 2 1 1
-55 4
cfi=(14)
cfn=(30)
calls=1 24 
* 18 6 1
* 2 1 1
+7 4
cfi=(14)
cfn=(30)
calls=1 24 
* 36 12 2
* 2 1
+2 3
+48 3
1248 2
cfi=(22)
cfn=(64)
calls=1 689 
* 13428 2803 276 35 1
+3 3
cfi=(29)
cfn=(86)
calls=1 50 
* 17 3 2
+7 1
-7 1
+2 1
+5 1 1
+3 3
+1 1
+3 1
-3 3
+1 2
+3 1
+5 1
-7 1
+7 1 1
+1 5
+17 2 1
+1 2 1
+5 1
-3 4
+2 2
+1 3
+5 3 1
+1 5 1
+2 2
+1 2
+5 2 1 1
+5 1
805 1
1314 2 1
1491 1
cfi=(30)
cfn=(88)
calls=1 115 
* 4 1
* 1
+8 3 1
+3 1
+4 3 1 1
+5 1
+1 1
cfi=(29)
cfn=(90) _dl_debug_state
calls=1 74 
* 1
+1 1
+4 3 1
+15 3 1
+4 1
-2 1
+2 2 1
+2 3
+1 1
-1 2
+1 1
cfn=(92)
calls=1 757 
* 3951 662 173 13 3
* 1
+1 1
+2 6
+10 3
cfi=(24)
cfn=(68)
calls=1 84 
* 9 1 1
* 2 1
+77 1
-96 1
+96 3 1 1
+17 3
+1 1
-1 1
+1 2
-1 1
+1 5
cfi=(40)
cfn=(130)
calls=1 161 
* 146295 25012 2825 559 162
+1 1
+2 2
+3 1
-3 3
+3 1
-3 1
+3 3 1
+1 4
-1 2 1 1
+1 60
-1 30 15 9
+4 3
+1 3 1
+1 1
+2 2 1
+1 6 1
-1 17 1
+1 41 14 1
-1 39 13 5
-3 1
+16 1
+1 2
-1 1
+1 1 1
+2 1
+2 3 1 1
+2 1
-4 1
+5 1
-1 2 1 1
+14 2 1
+1 2
+1 3 1 1
+11 1
+2 1
-2 1
+2 2
-1 1
+1 1
-2 3
+2 1
cfi=(32)
cfn=(156)
calls=1 205 
* 61560 9228 813 285 105
+10 1
+1 1
-1 1
+1 1 1
+1 1
cfn=(166)
calls=1 589 
* 856 366 42 7
* 1
+2 2 1
719 1
+2 3
fi=(86) /build/glibc-S7Ft5T/glibc-2.23/elf/../sysdeps/unix/sysv/linux/dl-osinfo.h
77 1
fe=(2)
730 1
+7 1
-5 1
1729 3 1
1959 3 1 1
2080 3
+7 1
+2 3
+19 1
-19 4
+2 1
+2 48
+5 32
+2 32 16 1
+6 16
+2 32 16 2
+1 120
cfi=(47) /build/glibc-S7Ft5T/glibc-2.23/elf/dl-reloc.c
cfn=(172) _dl_relocate_object
calls=15 149 
* 3994678 658291 15805 5042 176
+4 56 20 10
-22 34 17 8
+25 1
+2 5
+6 1
-6 1
+6 1 1 1
+5 4 2
+2 1
+5 3
cfi=(30)
cfn=(238)
calls=1 450 
* 390 72 20
+3 2 1 1
+9 3 1
+2 2 1
+15 1
+2 1
-2 2
+3 1
-3 1
+3 1
-3 1
+3 3
cfi=(47)
cfn=(172)
calls=1 149 
* 4535 708 73 8 3
+1 1
+2 6
+8 1
cfi=(7)
cfn=(240) _dl_sysdep_start_cleanup
calls=1 256 
* 1
+4 3 1
+20 3
cfi=(29)
cfn=(86)
calls=1 50 
* 8 3 3
+1 1
-1 1
+2 1
cfi=(29)
cfn=(90)
calls=1 74 
* 1
+1 1
+4 1
cfi=(45)
cfn=(242) _dl_unload_cache
calls=1 322 
* 15 2 1
+5 8
2114 8
cfi=(30)
cfn=(206)
calls=4 890 
* 80 4
* 4
-12 1
+1 1
-3 2 1 1
-85 1
+11 1
-7 1
-4 1
+4 3
+4 2
+3 1 1 1
1633 5
+1 1
-1 3
+4 3
+1 1
+1 2 1
+1 2 1 1
+32 2
1237 3

fn=(98)
664 88

fn=(158)
529 2
+2 4
cfi=(46)
cfn=(160)
calls=1 380 
* 61520 9227 812 283 103
* 2 1 1
+4 2

fn=(50)
704 274

fl=(6)
fn=(180) do_lookup_x
355 22204
+1 3172
-1 15860
+48 3172
-30 3172
-11 3172
+41 3172
+7 6344
-7 6344
-30 12688
+37 12688
-44 6344
+3 6344 3172
-3 55796
+3 55796 27898
+4 62146 31073 27
+4 62138 31069 6
+4 62138 31069 6
+6 93207 31069 1
+8 31069
-4 31069
+1 31069
+3 62138
+1 93207
+3 31069
+1 62138 31069
+2 62138
+8 31069
-8 31069
+8 310690 31069 4385
-99 27987
553 206418 78135 224
+1 1362
cfi=(34)
cfn=(106)
calls=681 288 
* 56973 7413 301 273 72
* 2043 681
+3 83964 27988 118
+3 90
+1 25376
-92 6164 3082 1
+50 16692 5264 834
+4 5790 1930
+12 5920
+1 2960
+1 5920
220 366
+2 122
-2 122
+2 732 0 0 122 1
cfi=(2)
cfn=(50)
calls=122 704 
* 244
+2 366
+1 122
+1 122
-2 122
+2 122 122 1
+2 484
+1 726
-1 121
+1 1089
488 726
229 132
488 396
252 558 213 83
+4 462 132 55
-24 759 253 58
+1 120
cfi=(19)
cfn=(54)
calls=40 -89 
* 2679 304 81
* 160 40
+2 80 40
+10 40
+1 80
+2 160 0 0 40 1
cfi=(2)
cfn=(52)
calls=40 710 
* 80
542 80
260 972 81 2
+62 164
191 164
322 82
191 164
+1 82
322 82
191 82
+1 410
321 164 82 13
+13 410
+5 164 0 0 82 1
cfi=(2)
cfn=(52)
calls=82 710 
* 164
+2 164
+1 82
-1 82
542 164
197 518
-2 168
+1 168 84 36
-3 332 166 50
+8 82
+1 82
-2 82
+3 82
-1 82
329 328 82 22
+3 66
-75 264
413 25356
+2 8452 4226 381
+2 50271
+13 16662 5554 875
-10 43175 8635 3205
+2 6166
+1 15415
-1 3083
+1 21581
-1 3083
+1 9249
cfn=(182) check_match
calls=3083 92 
* 215727 30886 407 68 61
+4 9253 3083 16
+34 1573 786 5
+2 4 1
267 4
cfi=(34)
cfn=(236) _dl_higher_prime_number
calls=2 +77 
* 149 20 13
+1 4
-1 2
+1 2
cfi=(17)
cfn=(36)
calls=2 103 
* 127 12 7 4
* 2 0 0 2
+2 2
-2 2
+2 4 2
+7 18 2
+1 276 92 22
+1 70
-88 70
+88 140
-88 70
+88 70
-88 70
+1 70
-1 70
+1 650
+3 28
+1 28 14 5
-3 168 84 16
+7 70
+1 70
+1 70
+1 140
+74 140 70 24
-74 22
+74 46 22 11
+6 14 0 0 2 1
cfi=(17)
cfn=(84)
calls=2 120 
* 12 2
+4 2
-3 2
+2 2
+1 4
-20 4
-70 10
555 5502
303 2 1
+9 3
cfi=(17)
cfn=(36)
calls=1 103 
* 38 4 2 2
* 1 0 0 1
+1 1
-1 1
+1 1 1
+3 1
+2 1
-7 1
+6 1
+1 3
439 27729

fn=(182)
92 24664
+3 21581 6166 7
+12 18492 3082
+3 12712 3082 49
cfi=(19)
cfn=(54)
calls=96 +34 
* 4298 491 162 42 36
* 192 96 4
+5 3082
-1 3082
+1 3082 3082 22
+2 4258 2129 6
+19 4258
+1 17032 2129 25
+2 60 24
+1 24 12 2
+43 3081
-7 3081
+7 15405
-18 1906 953
+2 953
+1 3812
-1 4765 953 10
+4 2 1
+1 7 1
+2 2
+9 1
-7 1
+7 6
-7 1
+7 5
-45 6351
cfi=(19)
cfn=(54)
calls=2117 +6 
* 53180 6568 119 26 25
* 6351 2117 1

fn=(10)
956 48 16
+4 16
+4 32
+2 16
-1 16
+3 48 16
+1 16
+1 16
+3 16
-3 16
+7 16
-4 16
-1 16
+3 16
+2 16
-7 16
+7 16
+1 16

fn=(178)
806 34540
568 3140
806 12560
568 15700 3140
+1 3140
-1 3140
+1 9420
-1 9420 3140 12
+1 105193
-1 105193
+1 315579
-1 321859 105193 3233
808 3140
+4 3140
+4 3140
-8 3140
+1 6280
+7 7398 5269 67
+7 3140
-2 3140
+2 3140
-2 3140 3140
+6 3140
-7 3140
+7 6280 3140
-7 18840
+15 90 90 5
-8 450 90 10
+2 44408
cfn=(180)
calls=3172 355 
* 2202542 397077 11293 596 137
+3 9516 3172 5
+26 6280 3140 4
+22 3082
+1 21574 6164
+31 3082
+9 15410 3082
+14 9246 3082 5
+3 12328 3082 2
+5 3082
+2 25120
-85 406 116 2
+16 58
+1 116
+59 2

fl=(18)
fn=(46)
61 92
+2 92
+2 92 92 29
+3 80
+1 80 80 38
+2 24
+1 24
+2 24
+1 24
+5 24
+1 24 24 13
-1 56
+1 56 56 21
+2 26
+1 26
+2 26
+1 52
+5 26
+1 26 26 13
-1 54
+1 54 54 22
+2 27
+1 27
+2 27
+1 27
+5 27
+1 27 27 11
-1 53
+1 53 53 20
+2 48
+1 48
+2 48
+1 48
+5 48
+1 48 48 19
-1 32
+1 70 32 13
+5 38
+1 38
+1 38
+1 38
+2 38
+2 38
+1 38
+2 38 38 1
+8 80
+8 57
+6 57
+2 57
+1 57 57 23
+3 19
+1 57
+5 19
+1 19
+2 19
+2 19
+1 19
+2 19 19 5
-8 58
+1 58
+2 58
+2 58
+1 58
+2 96 58 21
+9 19
+1 19 19
-1 38
+1 38 38
+3 57
+1 57
+1 57 57 5
+5 66
+2 66
+1 66
+1 66
+1 66
+2 66
+1 66
+1 66
+1 66
+2 66
+1 66
+2 66 66 19
+2 29
+2 29
+1 29
+1 29
+1 29
+2 29
+1 29
+1 29
+1 29
+2 29
+1 29
+2 59 29 14
+5 15
+6 15
+1 15 15 5
-7 42
+6 42
+1 42 42 20
+2 12

fl=(26)
fn=(72)
53 43
+1 43
+1 43
+1 43
+1 43
+2 43
+1 43 43 11
+1 31
+1 31 31 10
+1 15
+1 15
+1 15
+1 15 15 6
+2 10
+4 6
+1 6
+1 6
+3 12
+1 12
+1 12
+1 12
+1 12
+1 12
+1 12
+1 12
+1 12
+1 12
+1 12
+1 12
+1 12
+1 23 12 1
+3 11
+1 11
+1 11
+1 11
+1 11
+1 11
+1 11 11 3
-6 211
+1 211
+1 211
+1 211
+1 211
+1 211
+1 211 211 19
+1 11
+3 16
+1 16
+1 16 16 9
+1 3
+1 3 3 2
+1 1
+1 1 1 1
+3 1
+1 1 1
+1 1
+1 1
+2 2
+1 2
+1 2
+2 13
+1 13
+1 13

fl=(14)
fn=(30)
24 61
+1 61 61 1
+1 61
+1 61 61 3
+1 61
+1 61
+1 61
+1 61 61 8
+3 60
+1 60 60 16
+1 21
+1 21
+1 21
+1 21 21
+1 21
+1 21
+1 21 21 1
+2 59
+1 59 59 12
+1 20
+1 20
+1 20
+1 20 20
+1 20
+1 20
+1 20 20
+2 59
+1 59 59 15
+1 22
+1 22
+1 22
+1 22 22 6
+1 7
+1 7
+1 7 7
+2 44
+1 44 44 24
+1 22
+1 22
+1 22
+1 22 22 4
+1 3
+1 3
+1 3 3 1
+2 25
+1 25
+1 25
+1 25
+1 25
+1 25
+1 25 25 11
+1 13
+1 13
+1 13
+1 13
+1 13
+7 14
+2 15
+4 34
+1 34 34 9
+1 3
+1 3
+1 3
+1 3
+1 3
+1 3
+1 3
+1 3
+1 3
+1 3
+1 3
+4 43
+1 43
+13 9
+1 9
+1 9
+2 9
+1 9 9 7
+2 3
+1 3
+1 3
+1 3
+1 3
+1 3 3
+1 3
+1 3
+3 3
+1 3 3 2
-1 6
+1 6 6 2
+1 5
+1 5 5 5
+1 1
+1 1
+1 1
+1 1
+1 1 1
+1 1
+2 1
+1 1
+1 1
+1 1 1 1
-3 4
+1 4
+1 4
+1 4 4 1
+2 4
+1 4 4 1
+1 3
+1 3
+1 3
+1 3
+1 3 3
+1 3
+2 3
+1 3
+1 3
+1 3
+1 3 3 1
+1 2
+3 2
+1 2
+1 2
+1 2 2 2
-3 1
+1 1
+1 1
+1 1 1 1
+35 5
+1 5
+1 5
+1 5 5 4
+3 1
+1 1
+1 1
+1 1
+1 1 1
+1 1
+2 1
+1 1
+1 1
+1 1
+1 1 1
+1 1
+2 1
+1 1 1
+2 8
+1 8 8
+1 8
+1 8
+4 1
+1 1
+1 1
+1 1
+1 1
+4 4
+1 4
+1 4
+1 4 4
+1 4
+1 4 4 2
+2 2
+1 2
+1 2
+1 2
+1 2 2
+1 2
+1 2
+1 2 2 2
+3 2
+1 2
+1 2
+1 2 2
+2 2
+1 2
+1 2
+1 2
+1 2 2
+1 2
+2 2
+1 2
+1 2
+1 2
+1 2 2
+1 2
+3 2
+1 2 2 2

fl=(10) /build/glibc-S7Ft5T/glibc-2.23/elf/../sysdeps/x86/cpu-features.c
fn=(20) init_cpu_features.constprop.0
46 2
+16 1
-16 4
+16 1
-16 1
+19 1
-3 1
+3 8 1 1
176 3 1
+1 1
+3 2 1
+1 1
+2 2 1
+1 7
+7 3 1
+4 2
+2 4 1 1
+41 2 1 1
+75 2 1 1
+11 1
+2 1
-1 1
+2 8
-85 4
+1 2 1
+3 1
+2 1
-2 3
+2 2
+3 2 1 1
-50 2 1
+1 1
+6 3 1
+2 1
+3 3 1
+16 2 1
+1 1
+2 2 1 1
+81 2 1
+1 2 1 1
+4 2
30 2
+4 1
-4 1
+5 1
-1 1
+2 1
-1 1
+1 1
-2 1
+1 1
+1 1
+1 1
-7 2
+3 1
+4 1 1
+5 1
+32 2
-32 1
+27 1
+5 1 1
+3 1
+1 7 1 0 1 1
+57 2
-66 2
+44 2 1 1
314 2 1 1

fl=(45)
fn=(146)
185 45
+8 10 5
+3 15 5 1
+45 16 4
+6 10 5
+9 5
+6 10
-6 20
+6 5
cfi=(24)
cfn=(68)
calls=5 84 
* 45 5 3
+19 5
-19 5
+19 718 67
cfn=(150) _dl_cache_libcmp
calls=46 138 
* 3463 967 71
* 233 112 22
-15 20
+15 70 10 2
cfn=(150)
calls=5 138 
* 369 104 11
* 35 10 2
-82 4
cfi=(34)
cfn=(148) _dl_sysdep_read_whole_file
calls=1 45 
* 94 10 3
+8 1
-8 1
+8 4 2
+1 4
cfi=(14)
cfn=(30)
calls=1 24 
* 38 13 6
* 2 1
+7 1
-3 1
+3 3
+3 1
+1 2
-1 1
+1 1 1
+1 4
cfi=(14)
cfn=(30)
calls=1 24 
* 32 10 4
* 2 1 1
+61 105 30 6
+16 10 5
+4 10 5 5
+8 15
cfi=(11)
cfn=(22)
calls=5 66 
* 170 15 2
* 10
+1 5
-1 20
+1 10
cfi=(18)
cfn=(46)
calls=5 61 
* 408 79 25
+1 10
cfi=(28)
cfn=(80)
calls=5 40 
* 592 80 26 10
+1 40
-31 45 5 2

fn=(150)
138 153
+1 112 56 2
+2 528
+2 264
-2 264 264 20
+2 10 5
+6 5
+2 5
-1 5
-1 5
+1 5
+1 20 5 2
+2 25 5 2
+2 10 5 2
+6 518 259
+2 944 259 46
+4 213
+1 213
-29 426 213 8
+32 15
-7 92

fn=(242)
322 4 1 1
-1 1
+3 2
cfi=(42)
cfn=(244) munmap
calls=1 84 
* 5 1
+1 1
+2 2

fl=(23)
fn=(66)
39 6
+3 1
-3 2
+3 1
-1 1
+1 1
+9 1
-12 4
+12 2 1 1
+10 4 1 1
162 2 1 1
-47 3
cfi=(24)
cfn=(68)
calls=1 -31 
* 9 1 1
* 2 1 1
+55 3 1
+2 2
+1 5
+4 2
+4 1
-4 1
+1 1
+3 1 1
+3 1
+1 1
-1 1 1
+4 3
+1 1
-1 9
+1 1 1 1
+18 10
+1 2
-1 1
+1 3
cfi=(17)
cfn=(40)
calls=1 94 
* 29 3 1 1
* 1 0 0 1
+1 1
-1 1
+1 5 1
+29 1
+3 1
-3 2
+3 1 1 1
+23 7
+6 2
-1 2 1 1
+1 6
-1 8 3 2
+5 6
+3 1
-3 1
+3 1 1
-3 3
+3 1
-3 1
+3 5 1
+1 12 4 1
+1 4
-1 4
+1 8
-2 4
+1 8 4 1
-1 14 4 2
+4 4 2 1
+4 1
-1 1
+2 1
-2 1
+1 1
+1 1
-2 1
+2 10 1 1
+13 2
+1 1
-1 1
+3 2 1 1
-3 2
+1 1
-1 1
+3 2 1
+3 4
+3 1
-1 1
+1 9
113 1
+17 1
+1 1
-1 9
243 6
cfi=(25)
cfn=(70)
calls=1 61 
* 22 6 3
* 4
cfi=(25)
cfn=(70)
calls=1 61 
* 18 6 4
+1 4
cfi=(25)
cfn=(70)
calls=1 61 
* 22 6 3
* 4
cfi=(25)
cfn=(70)
calls=1 61 
* 18 6 4
* 12

fl=(34)
fn=(106)
288 7220
+1 2888
cfi=(19)
cfn=(54)
calls=1444 144 
* 41528 5053 449 321 196
* 1444
+1 1444
-1 1444 1444 2
+3 1444
+2 2888 1444 27
+4 1429
-4 2858 1429 87
+1 4473
cfi=(19)
cfn=(54)
calls=1491 144 
* 45310 5458 468 369 55
* 2982 1491 68
-5 62
+11 1692
-1 1382
+1 5528

fn=(236)
344 2
+1 2
+4 16
+1 6 2 2
-1 16
+1 7 2 1
-1 48
+1 22 6 2
-3 17 7 6
+4 2
-4 4 2 2
+4 1
-4 4 1
+3 2

fn=(148)
45 2
+7 1
-7 3
+7 1
-7 3
+7 1
cfi=(24)
cfn=(110)
calls=1 +32 
* 5 1
+1 2 1
+2 5
cfi=(36)
cfn=(118)
calls=1 -21 
* 10 2
* 2 1
+2 1
+3 1
-3 1
+3 1 1 1
+13 2
cfi=(24)
cfn=(128)
calls=1 +11 
* 5 1
+3 7
-14 6
cfi=(37)
cfn=(120)
calls=1 -29 
* 33 3 2
* 2

fl=(43)
fn=(142)
45 6
+6 6
-6 18
+6 6
-6 12
+6 12 6 2
+8 16 4
+3 8
+1 2
-1 2
+1 2 2 2
+12 24 2 2
+6 110 22 17
+31 42
-25 2
+4 2
-3 2
+3 2 2
+3 10
+1 4 2 2
+7 22 2 2
+6 6 2 2
-33 2
cfi=(44)
cfn=(154)
calls=2 -37 
* 46 2 2 2 2
* 2
+27 2
cfi=(44)
cfn=(144)
calls=2 235 
* 46 2 2 2 1
* 2

fl=(21) /build/glibc-S7Ft5T/glibc-2.23/posix/../sysdeps/unix/syscall-template.S
fn=(62) uname
84 4 1
+1 1

fl=(7)
fn=(240)
256 1

fn=(12)
86 8
+25 1
-1 1
+1 213 69 10
+6 1
-3 1
+1 1
-4 1
+3 1
+3 4 1
+1 2
-1 25
+1 108 19 2 17 13
-1 106 29 12
+62 1
+1 1
-1 1
+1 1
-29 1
+1 2
+11 1
+1 1
-1 1
+1 1
-7 1
+1 1
-1 1
+1 1
-4 1
+1 2
-25 1
+1 2
-4 1
+1 2
-7 1
+1 1
+2 1
+1 1
fi=(8)
-90 2
cfi=(9) /build/glibc-S7Ft5T/glibc-2.23/elf/../sysdeps/unix/sysv/linux/x86_64/brk.c
cfn=(16) brk
calls=1 -4 
* 11 2
fi=(5)
225 5 2 1
+4 1
cfi=(10)
cfn=(20)
calls=1 46 
* 134 22 9 1 1
fe=(7)
+2 3 1
+1 1
cfi=(11)
cfn=(22)
calls=1 66 
* 32 2 1
* 1
+2 2
cfi=(12) /build/glibc-S7Ft5T/glibc-2.23/elf/../misc/sbrk.c
cfn=(24) sbrk
calls=1 34 
* 17 3 1
* 3 1
+12 3 1
+3 5 0 0 1 1
cfi=(2)
cfn=(26)
calls=1 790 
* 4228515 697772 20218 5956 457
+2 9
-11 2

fl=(47)
fn=(172)
149 160
+15 16
-15 32
+15 16 16
+1 96
+6 32 16
+6 48 16
-18 32
+22 32 16
+7 16
-32 16
+32 16 16
+44 16
fi=(5)
76 48
fe=(47)
232 32
fi=(5)
76 46 31 4
+6 28
+4 42 14 2
+14 14
-8 14
+8 28 14
+20 28 14
+4 56
-2 14
+9 48 16 4
fe=(47)
258 655 207 44
-98 84
fi=(5)
303 112
fe=(47)
-45 14
fi=(4)
58 14
-10 14
-1 28
+11 14
-11 14
+11 14 14 3
fe=(47)
258 2
-98 12
fi=(5)
303 16
fe=(47)
-45 2
fi=(4)
58 2
-10 2
-1 4
+11 2
-11 2
+11 2 2 2
fe=(47)
258 16
fi=(4)
58 16
-10 16
-1 32
+11 16
-11 16
+11 16 16 2
+3 70 14 3
fi=(5)
530 4902
+4 4902 2451 2
+2 7353 2451
+1 2451
fi=(4)
61 7413 2471 14
+2 9892 2473 15
+2 70 22 6
-4 6 2
+13 28 14
+1 10 4 2
+1 44 22
fi=(5)
530 22
+26 22
fi=(4)
75 22
fi=(5)
556 44 0 0 22 22
cob=(4) /lib/x86_64-linux-gnu/libm-2.23.so
cfi=(57) /build/glibc-S7Ft5T/glibc-2.23/math/../sysdeps/x86_64/fpu/multiarch/s_sin.c
cfn=(234) sin
calls=1 17 
* 8 2 1
cob=(4)
cfi=(67) /build/glibc-S7Ft5T/glibc-2.23/math/../sysdeps/x86_64/fpu/multiarch/e_atan2.c
cfn=(232) __atan2_finite
calls=1 9 
* 8 2 1
cob=(4)
cfi=(64) /build/glibc-S7Ft5T/glibc-2.23/math/../sysdeps/x86_64/fpu/multiarch/e_asin.c
cfn=(230) __asin_finite
calls=1 16 
* 5 1
cob=(4)
cfi=(66) /build/glibc-S7Ft5T/glibc-2.23/math/../sysdeps/x86_64/fpu/multiarch/s_floor.S
cfn=(228) floor
calls=1 25 
* 5 1 1
cob=(4)
cfi=(65) /build/glibc-S7Ft5T/glibc-2.23/math/../sysdeps/x86_64/fpu/multiarch/s_floorf.S
cfn=(226) floorf
calls=1 25 
* 5 1 1
cob=(4)
cfi=(64)
cfn=(224) __acos_finite
calls=1 10 
* 5 1
cob=(4)
cfi=(63) /build/glibc-S7Ft5T/glibc-2.23/math/../sysdeps/x86_64/fpu/multiarch/s_rintf.S
cfn=(222) rintf
calls=1 25 
* 5 1 1
cob=(4)
cfi=(62) /build/glibc-S7Ft5T/glibc-2.23/math/../sysdeps/x86_64/fpu/multiarch/e_log.c
cfn=(220) __log_finite
calls=1 9 
* 8 2 1
cob=(4)
cfi=(61) /build/glibc-S7Ft5T/glibc-2.23/math/../sysdeps/x86_64/fpu/multiarch/e_pow.c
cfn=(218) __pow_finite
calls=1 8 
* 5 1
cob=(4)
cfi=(60) /build/glibc-S7Ft5T/glibc-2.23/math/../sysdeps/x86_64/fpu/multiarch/s_ceil.S
cfn=(216) ceil
calls=1 25 
* 5 1 1
cob=(4)
cfi=(59) /build/glibc-S7Ft5T/glibc-2.23/math/../sysdeps/x86_64/fpu/multiarch/s_ceilf.S
cfn=(214) ceilf
calls=1 25 
* 5 1 1
cob=(4)
cfi=(58) /build/glibc-S7Ft5T/glibc-2.23/math/../sysdeps/x86_64/fpu/multiarch/s_rint.S
cfn=(212) rint
calls=1 25 
* 5 1 1
cob=(4)
cfi=(57)
cfn=(210) cos
calls=1 12 
* 8 2 1
cob=(4)
cfi=(56) /build/glibc-S7Ft5T/glibc-2.23/math/../sysdeps/x86_64/fpu/multiarch/e_exp.c
cfn=(208) __exp_finite
calls=1 9 
* 8 2 1
cob=(3)
cfi=(55)
cfn=(204)
calls=1 54 
* 11 2 1
cob=(3)
cfi=(54)
cfn=(200)
calls=1 37 
* 66 6 3
cob=(3)
cfi=(53)
cfn=(198)
calls=1 30 
* 6 1
cob=(3)
cfi=(52)
cfn=(196)
calls=1 45 
* 6 1
cob=(3)
cfi=(48)
cfn=(194)
calls=1 129 
* 5 1 1
cob=(3)
cfi=(52)
cfn=(192)
calls=1 45 
* 6 1
cob=(3)
cfi=(49)
cfn=(186)
calls=1 38 
* 66 6 4
cob=(3)
cfi=(48)
cfn=(184)
calls=1 109 
* 5 1 1
fi=(4)
75 22
fi=(5)
557 22
fi=(4)
75 28 22 14
fe=(47)
258 4 2
fi=(4)
75 60
fe=(47)
258 60 30 5
+3 64 16
+24 16
+3 32 16
+17 48 16 7
+2 128
fi=(4)
84 18
-1 18
+3 36
-3 18
+3 18
+12 54 18 2
+10 32 16 1
+3 46 16 2
fi=(5)
514 14
fi=(4)
112 28
fi=(5)
514 14994 14
fi=(4)
112 29932
fi=(5)
514 29932 14966
+5 29960 14980
+1 29960
fi=(4)
111 29960
fi=(5)
520 14980
fi=(4)
111 14980 14980 21
+7 54 18 2
+6 16
-3 32
+3 46 16 2
fi=(5)
449 45
fi=(4)
127 17776 4444
+9 8888
+3 4444
-3 4444
+3 4444
fi=(5)
271 4444
fi=(4)
138 4444
-2 4444
+1 17776
fi=(5)
271 4444 4444
+21 8888 4444 21
+4 8888 4444 1
+7 78389 17586 815
fi=(4)
137 3124
fi=(5)
303 6248
fi=(4)
137 3124
fi=(5)
303 3124
fi=(4)
137 3124
fi=(5)
303 6248 3124
fi=(4)
137 1
fi=(5)
303 2
fi=(4)
137 1
fi=(5)
303 1
fi=(4)
137 1
fi=(5)
303 43752 1
cfi=(6)
cfn=(178)
calls=3125 806 
* 3348585 539416 14476 576 128
* 25000
+2 13269 4423 2
+3 4390
-3 8780
+3 13170 4390
+6 26664 4444 1 4444 27
fe=(47)
178 32 16 2
fi=(5)
437 13239
fi=(4)
124 13362 4444 28
+19 30 15 4
fi=(5)
303 84 6
fi=(4)
108 3 1
fi=(5)
409 72 24 2
+4 120 24 4
+14 120
-72 6 2
+11 8
-19 8 4
+1 12
476 3 1
+4 7
cfi=(18)
cfn=(46)
calls=1 61 
* 18 6 4
+2 4 1
+1 1 1 1
fe=(47)
313 75
+3 15
-3 30
+3 15
+4 30 15 1
+1 60
cfi=(42)
cfn=(140)
calls=15 84 
* 75 15
* 45 15 4
-63 3
fi=(4)
129 32
fi=(5)
303 45410 6492 276
fi=(4)
160 11 2 1
+2 28 7
+8 14
+1 7
-1 7
+1 7
fi=(5)
271 7
fi=(4)
170 21
fi=(5)
271 7 7
+21 14 7
+4 14 7 2
+7 252 35 3
cfi=(6)
cfn=(178)
calls=7 806 
* 6939 1171 40 1 1
* 49
+2 21 7 4
+3 3
-3 6
+3 9 3
+6 42 7 0 7 1
437 21
fi=(4)
160 23 7 5
+14 2 1 1
fi=(5)
303 3242
fe=(47)

fl=(42)
fn=(140)
84 104 26
+1 26

fn=(244)
84 4 1
+1 1

fl=(27)
fn=(74)
24 74
+1 74
+1 74
+1 74
+1 74
+1 74
+1 74
+1 74 74
+1 74
+1 74
+1 74
+1 74
+1 74
+1 74
+1 74
+1 74
+1 74 74 16
+1 45
+4 45
+1 45
+1 45
+1 45
+2 45
+4 29
+1 29
+1 29
+1 29
+1 29
+1 29
+1 29
+1 29
+1 29
+1 29
+1 29
+1 29
+1 29
+1 29
+1 29
+1 29
+1 29
+1 29
+1 29
+1 29
+1 29
+1 29
+1 29
+1 31 29 8
+5 2
+1 2
+3 2
+1 2
+1 2
+1 2
+1 2
+1 2
+1 2
+1 2
+1 2
+1 2
+1 2
+1 2
+1 2
+1 2
+1 2
+1 2
+1 2
+1 2
+2 2
+1 2 2 1
-20 5
+1 5
+1 5
+1 5
+1 5
+1 5
+1 5
+1 5
+1 5
+1 5
+1 5
+1 5
+1 5
+1 5
+1 5
+1 5
+1 5
+1 5
+2 5
+1 5 5 4
+2 2
+1 2
+1 2
+1 2
+1 2
+1 2
+1 2
+1 2
+2 2
+1 2
+1 2
+1 2
+1 2
+1 2
+1 2
+1 2
+1 2
+1 2
+3 2
+4 2
+1 2
+1 2
+1 2
+2 2
-9 27
+4 27
+1 27
+1 27
+1 27
+2 27

fl=(8)
fn=(60)
45 7
+2 3 1 1
+85 8
-45 3
cfi=(21)
cfn=(62)
calls=1 -3 
* 5 1
* 1
+15 1
-15 1 1
+20 1
-1 1
+3 12 3
+4 3
-2 6
+2 10 3 2
+2 1
+1 2
-3 4 1
+7 3
-1 3
+4 3
-2 3
+2 10 5 3
+5 2 1 1

fl=(68)
fn=(250) call_init.part.0
28 5
+8 1
+3 1
-3 2
+3 3 1
+5 7 1
+5 2 1
+9 6 0 0 1 1
cob=(2)
cfi=(16)
cfn=(252) 0x0000000005cd1580
calls=1 -58 
* 7307 1075 86 26 15
* 1
+4 2 1
+6 1
+2 2
-2 2
+3 5 1
+1 4 0 0 1 1
cob=(5)
cfi=(79)
cfn=(296)
calls=1 -72 
* 17 2 1
* 4 0 0 1 1
cob=(5)
cfi=(80)
cfn=(304)
calls=1 -7 
* 9 1
* 2
-1 4 2 1
+3 6

fn=(248)
80 11
+1 1
+1 1
+3 3 1
+8 4 2
+1 4 1 1
-64 2 1 1
+58 2
+11 2 1 1
+4 6
+2 4 0 0 1 1
cob=(6)
cfi=(81)
cfn=(312) __asan_init
calls=1 0 
* 144117 39969 553 21 14
cfi=(73)
cfn=(268)
calls=1 -34 
* 716 87 17 1 1
* 5 0 0 2 2
-1 1
cfn=(250)
calls=1 -76 
* 7393 1085 88 29 18
* 1

fl=(12)
fn=(24)
34 4
+8 6 2
+4 2 1 1
+16 5

fl=(13)
fn=(28)
30 3
+3 10 3 2
+13 66
-13 198 66
+2 136 68 23
+1 28 14 4
+5 2
-3 2
+3 2
+2 2
-12 1
+19 1

fl=(29)
fn=(90)
74 2

fn=(86)
50 32 16 12
+5 30 15 11
+5 2
-1 1
+1 2
+1 2
-1 1
+4 1
-13 16
+4 32 16 10
+4 1
-1 1
+1 16 1 1

fl=(9)
fn=(16)
31 7 1
+8 1
-6 2 1
+7 1

ob=(4)
fl=(62)
fn=(220)
9 8 2 1

fl=(61)
fn=(218)
8 5 1

fl=(57)
fn=(210)
12 8 2 1

fn=(234)
17 8 2 1

fl=(58)
fn=(212)
25 1
+1 1
+1 1
+1 1 1 1
+2 1

fl=(65)
fn=(226)
25 1
+1 1
+1 1
+1 1 1 1
+2 1

fl=(67)
fn=(232)
9 8 2 1

fl=(60)
fn=(216)
25 1
+1 1
+1 1
+1 1 1 1
+2 1

fl=(64)
fn=(224)
10 5 1

fn=(230)
16 5 1

fl=(56)
fn=(208)
9 8 2 1

fl=(66)
fn=(228)
25 1
+1 1
+1 1
+1 1 1 1
+2 1

fl=(59)
fn=(214)
25 1
+1 1
+1 1
+1 1 1 1
+2 1

fl=(63)
fn=(222)
25 1
+1 1
+1 1
+1 1 1 1
+2 1

ob=(6)
fl=(81)
fn=(420) 0x00000000000d4690
0 40 5 2

fn=(458) 0x00000000000d34b0
0 16448 4115 19

fn=(496) 0x00000000000d3300
0 726 236 35

fn=(508) 0x00000000000d32d0
0 98 16 10

fn=(524) 0x00000000000d3020
0 74 15 10

fn=(546) 0x00000000000d0fc0
0 58

fn=(620) 0x000000000003b380
0 29

fn=(1162) 0x00000000000e88f0
0 9

fn=(1428) 0x00000000000ccdd0
0 3

fn=(1486) 0x00000000000d9490
0 196 30 12

fn=(1610) 0x00000000000e50e0
0 45 12 12

fn=(314) 0x0000000000027d00
0 4 1 1

fn=(334) 0x00000000000d57f0
0 13
cfn=(336) 0x00000000000d0730
calls=1 0 
0 335 32 10
0 6 1
cfn=(458)
calls=1 0 
0 16448 4115 19
0 3
cfn=(348) 0x00000000000d74b0
calls=1 0 
0 35 5 1
0 2
cfn=(496)
calls=1 0 
0 51 16 10
0 4

fn=(550) 0x00000000000d1130
0 2900 578 16

fn=(626) 0x00000000000ca520
0 5226 456 5
cfn=(354) 0x00000000000d7cd0
calls=2 0 
0 204 14 2
0 18 4 2

fn=(1168) 0x00000000000e8920
0 29 1
cfn=(626)
calls=1 0 
0 23 2
0 7
cfn=(648) 0x00000000000d2ea0
calls=1 0 
0 15 1
0 3
cfn=(626)
calls=1 0 
0 23 2
0 8
cfn=(648)
calls=1 0 
0 15 1
0 3
cfn=(626)
calls=1 0 
0 23 2
0 9
cfn=(648)
calls=1 0 
0 15 1
0 3
cfn=(626)
calls=1 0 
0 23 2
0 8
cfn=(648)
calls=1 0 
0 15 1
0 3
cfn=(626)
calls=1 0 
0 23 2
0 8
cfn=(648)
calls=1 0 
0 15 1
0 3
cfn=(626)
calls=1 0 
0 23 2
0 8
cfn=(648)
calls=1 0 
0 15 1
0 3
cfn=(626)
calls=1 0 
0 23 2
0 8
cfn=(648)
calls=1 0 
0 15 1
0 3
cfn=(626)
calls=1 0 
0 23 2
0 8
cfn=(648)
calls=1 0 
0 15 1
0 3
cfn=(626)
calls=1 0 
0 23 2
0 8
cfn=(648)
calls=1 0 
0 15 1
0 3
cfn=(626)
calls=1 0 
0 23 2
0 8
cfn=(648)
calls=1 0 
0 15 1
0 3
cfn=(626)
calls=1 0 
0 23 2
0 8
cfn=(648)
calls=1 0 
0 15 1
0 3
cfn=(626)
calls=1 0 
0 23 2
0 8
cfn=(648)
calls=1 0 
0 15 1
0 3
cfn=(626)
calls=1 0 
0 23 2
0 9
cfn=(648)
calls=1 0 
0 15 1
0 3
cfn=(626)
calls=1 0 
0 23 2
0 13

fn=(312)
0 6
cfn=(320) 0x00000000000ccdf0
calls=1 0 
0 17170 4218 69
0 1
cfn=(538) 0x000000000003b430
calls=1 0 
0 116308 33366 317 6 4
0 1
cfn=(1328) 0x00000000000b9b20
calls=1 0 
0 7 1
0 1
cfn=(1334) 0x00000000000b9a90
calls=1 0 
0 10606 2381 165 15 10
0 3
cfn=(314)
calls=1 0 
0 4 1 1
0 10 2 1

fn=(324) 0x00000000000d5760
0 20 1

fn=(600) 0x00000000000d2fb0
0 2520 432 14

fn=(1374) 0x00000000000d3560
0 2716 644 60

fn=(1418) 0x00000000000d9fb0
0 24 1 1
cfn=(1438) 0x00000000000d9740
calls=1 0 
0 2135 452 6
0 5 1
cfn=(1544) 0x00000000000d0360
calls=1 0 
0 545 164 4
0 2
cfn=(1570) 0x00000000000cc880
calls=1 0 
0 1747 633 9
0 2
cfn=(1590) __sanitizer_on_print
calls=1 0 
0 2
cob=(1)
cfi=(73)
cfn=(268)
calls=1 71 
0 649 78 6 1 1
0 5 0 0 2 1
0 5 1 1
cfn=(1596) 0x00000000000d6ae0
calls=1 0 
0 5 1
0 3
cfn=(348)
calls=1 0 
0 4 1 1
0 9
cfn=(1422) 0x00000000000d4b20
calls=1 0 
0 4
0 2
cfn=(1428)
calls=1 0 
0 3
0 11 1 1
cfn=(1434) 0x00000000000d9f20
calls=1 0 
0 404 63 22 1 1
0 8 1

fn=(1560) 0x00000000000d46c0
0 8 1

fn=(368) 0x00000000000d45d0
0 85

fn=(374) 0x00000000000d45b0
0 100 20

fn=(384) 0x00000000000ccb60
0 25 5

fn=(586) 0x00000000000d2f40
0 92994 30726 216

fn=(1272) 0x00000000000d2df0
0 20
cfn=(562) 0x00000000000d4950
calls=2 0 
0 66288 21222 165
0 26 4 2

fn=(1334)
0 10 1 1
cob=(3)
cfi=(82)
cfn=(1342)
calls=1 35 
0 214 31 13 4 3
cob=(1)
cfi=(73)
cfn=(268)
calls=1 71 
0 1996 292 26 5 3
0 5 0 0 2 1
0 6 1
cfn=(1374)
calls=1 0 
0 1340 319 33
0 5 1 1
cfn=(1374)
calls=1 0 
0 1376 325 27
0 4 1
cfn=(1412) 0x00000000000da390
calls=1 0 
0 5604 1398 52 4 3
0 1
cfn=(1610)
calls=1 0 
0 45 12 12

fn=(1570)
0 1747 633 9

fn=(336)
0 76 4 3
cfn=(348)
calls=2 0 
0 8 2 2
0 3
cfn=(348)
calls=1 0 
0 35 5 1
0 12
cfn=(354)
calls=3 0 
0 306 21 2
0 18
cfn=(392) 0x00000000000d75a0
calls=3 0 
0 138 15 2
0 108 19 5
cfn=(418) 0x00000000000d7670
calls=5 0 
0 180 20 6
0 13 5 2
cfn=(444) 0x00000000000d7660
calls=1 0 
0 7
0 8
cfn=(444)
calls=2 0 
0 14
0 3
cfn=(342) 0x00000000000d5750
calls=1 0 
0 3
0 4

fn=(480) 0x00000000000d4600
0 8

fn=(826) 0x00000000000d1360
0 26
cfn=(626)
calls=2 0 
0 46 4
0 18
cfn=(648)
calls=2 0 
0 30 2
0 6
cfn=(626)
calls=2 0 
0 46 4
0 62
cfn=(626)
calls=2 0 
0 46 4
0 14
cfn=(648)
calls=2 0 
0 30 2
0 6
cfn=(626)
calls=2 0 
0 46 4
0 16
cfn=(648)
calls=2 0 
0 30 2
0 6
cfn=(626)
calls=2 0 
0 46 4
0 16
cfn=(648)
calls=2 0 
0 30 2
0 6
cfn=(626)
calls=2 0 
0 46 4
0 16
cfn=(648)
calls=2 0 
0 30 2
0 6
cfn=(626)
calls=2 0 
0 46 4
0 16
cfn=(648)
calls=2 0 
0 30 2
0 6
cfn=(626)
calls=2 0 
0 46 4
0 16
cfn=(648)
calls=2 0 
0 30 2
0 6
cfn=(626)
calls=2 0 
0 46 4
0 16
cfn=(648)
calls=2 0 
0 30 2
0 6
cfn=(626)
calls=2 0 
0 46 4
0 16
cfn=(648)
calls=2 0 
0 30 2
0 6
cfn=(626)
calls=2 0 
0 46 4
0 16
cfn=(648)
calls=2 0 
0 30 2
0 6
cfn=(626)
calls=2 0 
0 46 4
0 16
cfn=(648)
calls=2 0 
0 30 2
0 6
cfn=(626)
calls=2 0 
0 46 4
0 16
cfn=(648)
calls=2 0 
0 30 2
0 6
cfn=(626)
calls=2 0 
0 46 4
0 16
cfn=(648)
calls=2 0 
0 30 2
0 6
cfn=(626)
calls=2 0 
0 46 4
0 16
cfn=(648)
calls=2 0 
0 30 2
0 6
cfn=(626)
calls=2 0 
0 46 4
0 16
cfn=(648)
calls=2 0 
0 30 2
0 6
cfn=(626)
calls=2 0 
0 46 4
0 16
cfn=(648)
calls=2 0 
0 30 2
0 6
cfn=(626)
calls=2 0 
0 46 4
0 16
cfn=(648)
calls=2 0 
0 30 2
0 6
cfn=(626)
calls=2 0 
0 46 4
0 16
cfn=(648)
calls=2 0 
0 30 2
0 6
cfn=(626)
calls=2 0 
0 46 4
0 16
cfn=(648)
calls=2 0 
0 30 2
0 6
cfn=(626)
calls=2 0 
0 46 4
0 16
cfn=(648)
calls=2 0 
0 30 2
0 6
cfn=(626)
calls=2 0 
0 46 4
0 18
cfn=(648)
calls=2 0 
0 30 2
0 6
cfn=(626)
calls=2 0 
0 46 4
0 16
cfn=(648)
calls=2 0 
0 30 2
0 6
cfn=(626)
calls=2 0 
0 46 4
0 16
cfn=(648)
calls=2 0 
0 30 2
0 6
cfn=(626)
calls=2 0 
0 46 4
0 16
cfn=(648)
calls=2 0 
0 30 2
0 6
cfn=(626)
calls=2 0 
0 46 4
0 16
cfn=(648)
calls=2 0 
0 30 2
0 6
cfn=(626)
calls=2 0 
0 46 4
0 16
cfn=(648)
calls=2 0 
0 30 2
0 6
cfn=(626)
calls=2 0 
0 46 4
0 16
cfn=(648)
calls=2 0 
0 30 2
0 6
cfn=(626)
calls=2 0 
0 46 4
0 18
cfn=(648)
calls=2 0 
0 30 2
0 6
cfn=(626)
calls=2 0 
0 46 4
0 16
cfn=(648)
calls=2 0 
0 30 2
0 6
cfn=(626)
calls=2 0 
0 46 4
0 16
cfn=(648)
calls=2 0 
0 30 2
0 6
cfn=(626)
calls=2 0 
0 46 4
0 16
cfn=(648)
calls=2 0 
0 30 2
0 6
cfn=(626)
calls=2 0 
0 46 4
0 16
cfn=(648)
calls=2 0 
0 30 2
0 6
cfn=(626)
calls=2 0 
0 46 4
0 16
cfn=(648)
calls=2 0 
0 30 2
0 6
cfn=(626)
calls=2 0 
0 46 4
0 16
cfn=(648)
calls=2 0 
0 30 2
0 6
cfn=(626)
calls=2 0 
0 46 4
0 16
cfn=(648)
calls=2 0 
0 30 2
0 6
cfn=(626)
calls=2 0 
0 46 4
0 16
cfn=(648)
calls=2 0 
0 30 2
0 6
cfn=(626)
calls=2 0 
0 46 4
0 16
cfn=(648)
calls=2 0 
0 30 2
0 6
cfn=(626)
calls=2 0 
0 46 4
0 16
cfn=(648)
calls=2 0 
0 30 2
0 6
cfn=(626)
calls=2 0 
0 46 4
0 16
cfn=(648)
calls=2 0 
0 30 2
0 6
cfn=(626)
calls=2 0 
0 46 4
0 18
cfn=(648)
calls=2 0 
0 30 2
0 6
cfn=(626)
calls=2 0 
0 46 4
0 16
cfn=(648)
calls=2 0 
0 30 2
0 6
cfn=(626)
calls=2 0 
0 46 4
0 16
cfn=(648)
calls=2 0 
0 30 2
0 6
cfn=(626)
calls=2 0 
0 46 4
0 16
cfn=(648)
calls=2 0 
0 30 2
0 6
cfn=(626)
calls=2 0 
0 46 4
0 16
cfn=(648)
calls=2 0 
0 30 2
0 6
cfn=(626)
calls=2 0 
0 46 4
0 16
cfn=(648)
calls=2 0 
0 30 2
0 6
cfn=(626)
calls=2 0 
0 46 4
0 16
cfn=(648)
calls=2 0 
0 30 2
0 6
cfn=(626)
calls=2 0 
0 46 4
0 16
cfn=(648)
calls=2 0 
0 30 2
0 6
cfn=(626)
calls=2 0 
0 46 4
0 16
cfn=(648)
calls=2 0 
0 30 2
0 6
cfn=(626)
calls=2 0 
0 46 4
0 16
cfn=(648)
calls=2 0 
0 30 2
0 6
cfn=(626)
calls=2 0 
0 46 4
0 16
cfn=(648)
calls=2 0 
0 30 2
0 6
cfn=(626)
calls=2 0 
0 46 4
0 16
cfn=(648)
calls=2 0 
0 30 2
0 6
cfn=(626)
calls=2 0 
0 46 4
0 16
cfn=(648)
calls=2 0 
0 30 2
0 6
cfn=(626)
calls=2 0 
0 46 4
0 16
cfn=(648)
calls=2 0 
0 30 2
0 6
cfn=(626)
calls=2 0 
0 46 4
0 16
cfn=(648)
calls=2 0 
0 30 2
0 6
cfn=(626)
calls=2 0 
0 46 4
0 16
cfn=(648)
calls=2 0 
0 30 2
0 6
cfn=(626)
calls=2 0 
0 46 4
0 16
cfn=(648)
calls=2 0 
0 30 2
0 6
cfn=(626)
calls=2 0 
0 46 4
0 16
cfn=(648)
calls=2 0 
0 30 2
0 6
cfn=(626)
calls=2 0 
0 46 4
0 16
cfn=(648)
calls=2 0 
0 30 2
0 6
cfn=(626)
calls=2 0 
0 46 4
0 16
cfn=(648)
calls=2 0 
0 30 2
0 6
cfn=(626)
calls=2 0 
0 46 4
0 16
cfn=(648)
calls=2 0 
0 30 2
0 6
cfn=(626)
calls=2 0 
0 46 4
0 16
cfn=(648)
calls=2 0 
0 30 2
0 6
cfn=(626)
calls=2 0 
0 46 4
0 16
cfn=(648)
calls=2 0 
0 30 2
0 6
cfn=(626)
calls=2 0 
0 46 4
0 16
cfn=(648)
calls=2 0 
0 30 2
0 6
cfn=(626)
calls=2 0 
0 46 4
0 16
cfn=(648)
calls=2 0 
0 30 2
0 6
cfn=(626)
calls=2 0 
0 46 4
0 16
cfn=(648)
calls=2 0 
0 30 2
0 6
cfn=(626)
calls=2 0 
0 46 4
0 16
cfn=(648)
calls=2 0 
0 30 2
0 6
cfn=(626)
calls=2 0 
0 46 4
0 16
cfn=(648)
calls=2 0 
0 30 2
0 6
cfn=(626)
calls=2 0 
0 46 4
0 16
cfn=(648)
calls=2 0 
0 30 2
0 6
cfn=(626)
calls=2 0 
0 46 4
0 16
cfn=(648)
calls=2 0 
0 30 2
0 6
cfn=(626)
calls=2 0 
0 46 4
0 16
cfn=(648)
calls=2 0 
0 30 2
0 6
cfn=(626)
calls=2 0 
0 46 4
0 16
cfn=(648)
calls=2 0 
0 30 2
0 6
cfn=(626)
calls=2 0 
0 46 4
0 16
cfn=(648)
calls=2 0 
0 30 2
0 6
cfn=(626)
calls=2 0 
0 46 4
0 16
cfn=(648)
calls=2 0 
0 30 2
0 6
cfn=(626)
calls=2 0 
0 46 4
0 16
cfn=(648)
calls=2 0 
0 30 2
0 6
cfn=(626)
calls=2 0 
0 46 4
0 16
cfn=(648)
calls=2 0 
0 30 2
0 6
cfn=(626)
calls=2 0 
0 46 4
0 16
cfn=(648)
calls=2 0 
0 30 2
0 6
cfn=(626)
calls=2 0 
0 46 4
0 16
cfn=(648)
calls=2 0 
0 30 2
0 6
cfn=(626)
calls=2 0 
0 46 4
0 16
cfn=(648)
calls=2 0 
0 30 2
0 6
cfn=(626)
calls=2 0 
0 46 4
0 16
cfn=(648)
calls=2 0 
0 30 2
0 6
cfn=(626)
calls=2 0 
0 46 4
0 16
cfn=(648)
calls=2 0 
0 30 2
0 6
cfn=(626)
calls=2 0 
0 46 4
0 16
cfn=(648)
calls=2 0 
0 30 2
0 6
cfn=(626)
calls=2 0 
0 46 4
0 16
cfn=(648)
calls=2 0 
0 30 2
0 50 2

fn=(1286) 0x00000000000d23e0
0 9

fn=(1328)
0 7 1

fn=(1422)
0 4

fn=(320)
0 7
cfn=(334)
calls=1 0 
0 16897 4169 40
0 3
cfn=(508)
calls=1 0 
0 98 16 10
0 5 1
cfn=(496)
calls=1 0 
0 45 14 8
0 7 1
cfn=(524)
calls=1 0 
0 74 15 10
0 12 1 1
cfn=(324)
calls=1 0 
0 20 1
0 2

fn=(392)
0 48 6 2
cfn=(400) 0x00000000000d4670
calls=3 0 
0 18
0 15
cfn=(374)
calls=3 0 
0 15 3
0 42 6

fn=(1232) 0x00000000000d2c20
0 90 15 2

fn=(1266) __lsan_default_options
0 3

fn=(1438)
0 2255 475 13 1 1
cfn=(1486)
calls=1 0 
0 196 30 12
0 71 9 2

fn=(1552) 0x00000000000d0380
0 21 2 1

fn=(1596)
0 5 1

fn=(354)
0 130 10
cfn=(360) 0x00000000000d7aa0
calls=5 0 
0 90 5 4
0 35
cfn=(368)
calls=5 0 
0 85
0 20
cfn=(374)
calls=5 0 
0 25 5
0 15
cfn=(374)
calls=5 0 
0 25 5
0 20 5
cfn=(384)
calls=5 0 
0 25 5
0 40

fn=(624) 0x00000000000d2f00
0 18
cfn=(626)
calls=2 0 
0 296 26 8
0 6

fn=(1256) __asan_default_options
0 3

fn=(1356) 0x00000000000d3200
0 12 2

fn=(1544)
0 4
cfn=(496)
calls=1 0 
0 480 159 3
0 21 2
cfn=(1552)
calls=1 0 
0 21 2 1
0 4
cfn=(1560)
calls=1 0 
0 8 1
0 7

fn=(342)
0 3

fn=(348)
0 41 9 5
cfn=(480)
calls=2 0 
0 8
0 6
cfn=(374)
calls=2 0 
0 10 2
0 17 2

fn=(360)
0 90 5 4

fn=(418)
0 35
cfn=(420)
calls=5 0 
0 40 5 2
0 20
cfn=(374)
calls=5 0 
0 25 5
0 60 10 4

fn=(538)
0 227
cfn=(546)
calls=1 0 
0 58
0 3
cfn=(550)
calls=1 0 
0 1450 289 10
0 2
cfn=(562)
calls=1 0 
0 33743 10667 100
0 7
cfn=(550)
calls=1 0 
0 1450 289 6
0 3
cfn=(620)
calls=1 0 
0 29
0 2
cfn=(624)
calls=1 0 
0 160 13 3
0 4
cfn=(626)
calls=1 0 
0 23 2
0 7
cfn=(648)
calls=1 0 
0 15 1
0 3
cfn=(626)
calls=1 0 
0 23 2
0 7
cfn=(648)
calls=1 0 
0 15 1
0 3
cfn=(626)
calls=1 0 
0 23 2
0 7
cfn=(648)
calls=1 0 
0 15 1
0 3
cfn=(626)
calls=1 0 
0 23 2 1
0 7
cfn=(648)
calls=1 0 
0 15 1
0 3
cfn=(626)
calls=1 0 
0 23 2
0 7
cfn=(648)
calls=1 0 
0 15 1
0 3
cfn=(626)
calls=1 0 
0 23 2
0 7
cfn=(648)
calls=1 0 
0 15 1
0 3
cfn=(626)
calls=1 0 
0 23 2
0 7
cfn=(648)
calls=1 0 
0 15 1
0 3
cfn=(626)
calls=1 0 
0 23 2
0 7
cfn=(648)
calls=1 0 
0 15 1
0 3
cfn=(626)
calls=1 0 
0 23 2
0 7
cfn=(648)
calls=1 0 
0 15 1
0 3
cfn=(626)
calls=1 0 
0 23 2
0 7
cfn=(648)
calls=1 0 
0 15 1
0 3
cfn=(626)
calls=1 0 
0 23 2
0 7
cfn=(648)
calls=1 0 
0 15 1
0 3
cfn=(626)
calls=1 0 
0 23 2
0 7
cfn=(648)
calls=1 0 
0 15 1
0 3
cfn=(626)
calls=1 0 
0 23 2
0 7
cfn=(648)
calls=1 0 
0 15 1
0 3
cfn=(626)
calls=1 0 
0 23 2
0 7
cfn=(648)
calls=1 0 
0 15 1
0 3
cfn=(626)
calls=1 0 
0 23 2
0 7
cfn=(648)
calls=1 0 
0 15 1
0 3
cfn=(626)
calls=1 0 
0 23 2
0 7
cfn=(648)
calls=1 0 
0 15 1
0 3
cfn=(626)
calls=1 0 
0 23 2
0 7
cfn=(648)
calls=1 0 
0 15 1
0 3
cfn=(626)
calls=1 0 
0 23 2
0 7
cfn=(648)
calls=1 0 
0 15 1
0 3
cfn=(626)
calls=1 0 
0 23 2
0 7
cfn=(648)
calls=1 0 
0 15 1
0 3
cfn=(626)
calls=1 0 
0 23 2
0 7
cfn=(648)
calls=1 0 
0 15 1
0 3
cfn=(626)
calls=1 0 
0 23 2
0 7
cfn=(648)
calls=1 0 
0 15 1
0 3
cfn=(626)
calls=1 0 
0 23 2
0 7
cfn=(648)
calls=1 0 
0 15 1
0 3
cfn=(626)
calls=1 0 
0 23 2
0 7
cfn=(648)
calls=1 0 
0 15 1
0 3
cfn=(626)
calls=1 0 
0 23 2
0 7
cfn=(648)
calls=1 0 
0 15 1
0 3
cfn=(626)
calls=1 0 
0 23 2
0 7
cfn=(648)
calls=1 0 
0 15 1
0 3
cfn=(626)
calls=1 0 
0 23 2
0 7
cfn=(648)
calls=1 0 
0 15 1
0 3
cfn=(626)
calls=1 0 
0 23 2
0 7
cfn=(648)
calls=1 0 
0 15 1
0 3
cfn=(626)
calls=1 0 
0 23 2
0 7
cfn=(648)
calls=1 0 
0 15 1
0 3
cfn=(626)
calls=1 0 
0 23 2
0 7
cfn=(648)
calls=1 0 
0 15 1
0 3
cfn=(626)
calls=1 0 
0 23 2
0 7
cfn=(648)
calls=1 0 
0 15 1
0 3
cfn=(626)
calls=1 0 
0 23 2
0 7
cfn=(648)
calls=1 0 
0 15 1
0 3
cfn=(626)
calls=1 0 
0 23 2
0 7
cfn=(648)
calls=1 0 
0 15 1
0 3
cfn=(626)
calls=1 0 
0 23 2
0 7
cfn=(648)
calls=1 0 
0 15 1
0 3
cfn=(626)
calls=1 0 
0 23 2
0 7
cfn=(648)
calls=1 0 
0 15 1
0 3
cfn=(626)
calls=1 0 
0 23 2
0 7
cfn=(648)
calls=1 0 
0 15 1
0 3
cfn=(626)
calls=1 0 
0 23 2
0 7
cfn=(648)
calls=1 0 
0 15 1
0 3
cfn=(626)
calls=1 0 
0 23 2
0 7
cfn=(648)
calls=1 0 
0 15 1
0 3
cfn=(626)
calls=1 0 
0 23 2
0 7
cfn=(648)
calls=1 0 
0 15 1
0 3
cfn=(626)
calls=1 0 
0 23 2
0 7
cfn=(648)
calls=1 0 
0 15 1
0 3
cfn=(626)
calls=1 0 
0 23 2
0 11
cfn=(648)
calls=1 0 
0 15 1
0 3
cfn=(626)
calls=1 0 
0 23 2
0 7
cfn=(648)
calls=1 0 
0 15 1
0 3
cfn=(626)
calls=1 0 
0 23 2
0 7
cfn=(648)
calls=1 0 
0 15 1
0 3
cfn=(626)
calls=1 0 
0 23 2
0 7
cfn=(648)
calls=1 0 
0 15 1
0 3
cfn=(626)
calls=1 0 
0 23 2
0 7
cfn=(648)
calls=1 0 
0 15 1
0 3
cfn=(826)
calls=1 0 
0 4110 249
0 3
cfn=(1162)
calls=1 0 
0 9
0 2
cfn=(624)
calls=1 0 
0 160 13 5
0 3
cfn=(1168)
calls=1 0 
0 703 42
0 3
cfn=(826)
calls=1 0 
0 4110 249
0 4
cfn=(1228) 0x00000000000d2da0
calls=1 0 
0 50 6 1
0 1
cfn=(1256)
calls=1 0 
0 3
cob=(1)
cfi=(73)
cfn=(268)
calls=1 71 
0 703 84 11 1 1
0 5 0 0 2 1
0 4
cfn=(1228)
calls=1 0 
0 50 6 1
0 1
cfn=(1266)
calls=1 0 
0 3
cob=(1)
cfi=(73)
cfn=(268)
calls=1 71 
0 665 80 6 1 1
0 5 0 0 2 1
0 4
cfn=(1228)
calls=1 0 
0 50 6
0 3
cfn=(1272)
calls=1 0 
0 33131 10601 77
0 3
cfn=(1272)
calls=1 0 
0 33203 10625 90
0 2
cfn=(1286)
calls=1 0 
0 9
0 52 15 6

fn=(1228)
0 42 3
cfn=(1232)
calls=3 0 
0 90 15 2
0 18

fn=(1346)
0 38 6 3
cfn=(1356)
calls=1 0 
0 12 2
0 9 1

fn=(1412)
0 19 1 1
cfn=(1416) 0x00000000000da2c0
calls=1 0 
0 5583 1397 51 4 3
0 2

fn=(400)
0 18

fn=(444)
0 21

fn=(562)
0 48 9 2
cfn=(496)
calls=3 0 
0 150 47 14
0 834 3
cfn=(600)
calls=204 0 
0 2520 432 14
0 2226 408 5
cfn=(586)
calls=201 0 
0 92010 30402 207
0 15
cfn=(586)
calls=3 0 
0 984 324 9
0 641 204
cfn=(336)
calls=1 0 
0 601 59 13
0 2 1 1

fn=(648)
0 3315 221

fn=(1416)
0 7
cfn=(1418)
calls=1 0 
0 5574 1397 51 4 3
0 2

fn=(1434)
0 15 1 1
cfn=(1438)
calls=1 0 
0 387 62 21 1 1
0 2

fn=(1590)
0 2

ob=(2)
fl=(16)
fn=(82)
0 18 0 0 18 1
cob=(1)
cfi=(17)
cfn=(84)
calls=18 120 
0 238 36 12

fn=(282)
0 1 0 0 1 1
cob=(3)
cfi=(76)
cfn=(284)
calls=1 48 
0 3

fn=(252)
0 2
cob=(5)
cfi=(69)
cfn=(254)
calls=1 301 
0 7303 1075 86 26 15
0 2

totals: 4382184 739193 20942 6035 509
